READ TERR 1 2
! WTSLEW
87.5288000640792	0.242486917129568	-0.232528101062741	4.08673227719736e-09	6.09215228688375e-10	-6.09215864046145e-10
88.0806512493202	0.30793773241119	-0.309364268111409	5.07258684946602e-09	6.28083766107514e-10	-6.32672858349397e-10
88.7052440280946	0.281121962647106	-0.316655046363195	4.1950721024749e-09	6.03336851966202e-10	-6.05210977758501e-10
89.2573980994773	0.205789909887798	-0.271032108735596	4.18171873596898e-09	6.23442183788335e-10	-6.23537856879e-10
89.7366283491733	0.238949618096555	-0.273440339808246	4.02523655310043e-09	5.93779217630971e-10	-5.93855995941956e-10
90.2549511571592	0.313048818625148	-0.279373189889256	5.26480595787009e-09	6.40679230168209e-10	-6.40736212607701e-10
90.9002310534597	0.352734950061276	-0.332231077675416	4.1715553988006e-09	5.3748950352842e-10	-5.37954671704577e-10
91.5982478014459	0.355667215308344	-0.345281797924855	4.58443248415119e-09	5.6152601758223e-10	-5.63114576415699e-10
92.2857293744802	0.314010611088818	-0.331814357725989	5.07959951443239e-09	6.24791387363743e-10	-6.2877761954487e-10
92.9170194744344	0.31962653892846	-0.317279488865438	5.15235864601034e-09	6.37506595951452e-10	-6.45237692870231e-10
93.6342571757467	0.314135828296926	-0.397611162383768	4.80039331354588e-09	5.98075325552648e-10	-6.09478430435618e-10
94.3109414910431	0.308184488006631	-0.362548486999472	5.13426972480168e-09	6.46969958899995e-10	-6.66097573727817e-10
94.9131988137369	0.298343153758083	-0.294072834687213	3.84676022667885e-09	5.95673171658219e-10	-6.13670069959748e-10
95.5363255304454	0.319220483966461	-0.324783562950444	3.82044051241414e-09	5.99611265542464e-10	-6.22955308060963e-10
96.4072108345733	0.463317148138472	-0.551664820161434	5.62061991067248e-09	6.50498371224159e-10	-7.07085045260486e-10
NO NO NO NO NO NO
! WT
104.5552	0.3281	-0.3605	2.21462419e-08	2.838986556e-09	-7.95359094e-09
105.2135	0.3014	-0.3302	2.414248918e-08	3.172336882e-09	-8.64952499e-09
105.9217	0.3653	-0.4068	1.889618505e-08	2.99754947e-09	-6.38892339e-09
106.6570	0.3523	-0.37	2.05634082e-08	3.743431381e-09	-5.28517927e-09
107.3711	0.3036	-0.3618	2.212522979e-08	3.958289994e-09	-6.32617755e-09
107.9869	0.2624	-0.3122	2.607628953e-08	4.89310197e-09	-5.61416551e-09
108.5476	0.2302	-0.2982	2.860782147e-08	5.25153716e-09	-6.67190275e-09
109.0802	0.2135	-0.3025	3.218448591e-08	5.62849635e-09	-8.45424414e-09
109.5622	0.2350	-0.2685	3.817488649e-08	6.45429627e-09	-1.013331423e-08
110.0278	0.2800	-0.2306	3.727492321e-08	6.0916174e-09	-8.74273018e-09
110.6910	0.3462	-0.3832	3.37636948e-08	4.43356363e-09	-4.41415974e-09
111.3666	0.3182	-0.3294	3.802998671e-08	4.99172122e-09	-4.97185423e-09
112.0977	0.4055	-0.4129	3.00933326e-08	3.95091239e-09	-3.934199953e-09
112.9347	0.4794	-0.4315	4.066119461e-08	4.36864122e-09	-4.3427834e-09
113.7789	0.4607	-0.3648	4.43913346e-08	4.83229694e-09	-4.80374051e-09
114.6096	0.3844	-0.37	4.90986619e-08	5.2778244e-09	-5.24378234e-09
115.4091	0.4905	-0.4151	4.068327185e-08	4.40306639e-09	-4.37347009e-09
116.2449	0.3449	-0.3453	3.624819683e-08	4.66843111e-09	-4.64701905e-09
116.9356	0.3926	-0.3457	5.176195e-08	5.35104472e-09	-5.31829092e-09
117.7173	0.4578	-0.3891	4.44317085e-08	4.67632065e-09	-4.65433182e-09
118.5163	0.3081	-0.3413	3.792584394e-08	4.97328563e-09	-4.95855905e-09
119.1877	0.3021	-0.3633	3.701349905e-08	4.85410474e-09	-4.83888559e-09
119.9282	0.4405	-0.4383	4.147225953e-08	4.53918411e-09	-4.51764154e-09
120.8042	0.4327	-0.4355	4.21669811e-08	4.58448792e-09	-4.5630506e-09
121.5499	0.3863	-0.3129	5.45879967e-08	5.61042282e-09	-5.57099196e-09
122.2961	0.3605	-0.36	5.05332615e-08	5.5080693e-09	-5.46679867e-09
123.0483	0.3413	-0.3917	5.02084179e-08	5.40166576e-09	-5.36082455e-09
123.7221	0.2920	-0.3325	5.95570176e-08	6.32146656e-09	-6.27664269e-09
124.3808	0.4588	-0.3667	4.45799005e-08	4.79460902e-09	-4.75972075e-09
125.2192	0.4263	-0.3796	4.66312651e-08	4.89003288e-09	-4.85150296e-09
126.0626	0.4316	-0.417	4.38258895e-08	4.65311934e-09	-4.61901413e-09
126.8154	0.3015	-0.3212	3.867128759e-08	5.17353849e-09	-5.15631538e-09
127.4753	0.3337	-0.3584	3.507621703e-08	4.64660226e-09	-4.63103789e-09
128.1257	0.3345	-0.3167	4.02489051e-08	5.07209012e-09	-5.04389154e-09
128.7744	0.3316	-0.3143	3.968244118e-08	5.0867325e-09	-5.05948959e-09
129.4712	0.3464	-0.3652	3.466018062e-08	4.50898578e-09	-4.48655911e-09
130.1714	0.3348	-0.3537	3.945542956e-08	4.95145257e-09	-4.92455067e-09
130.8989	0.3990	-0.3927	3.090895695e-08	4.058570931e-09	-4.039989675e-09
131.6418	0.2894	-0.344	3.895044427e-08	5.06316913e-09	-5.04145395e-09
132.3685	0.4772	-0.4372	2.741664828e-08	3.495129791e-09	-3.480358585e-09
133.2925	0.4641	-0.4468	2.709006595e-08	3.563568814e-09	-3.54547255e-09
134.1825	0.5117	-0.4259	2.528259086e-08	3.455161314e-09	-3.438861036e-09
135.0540	0.4656	-0.3599	2.942515508e-08	3.903910266e-09	-3.884185574e-09
136.0880	0.478	-0.568	2.396653644e-08	3.054605495e-09	-3.042500061e-09
137.0237	0.5331	-0.4579	2.509818023e-08	3.268449919e-09	-3.253384434e-09
138.0854	0.4659	-0.5286	2.560233615e-08	3.205492316e-09	-3.188947016e-09
138.9534	0.4306	-0.402	3.034595786e-08	3.835822357e-09	-3.815499845e-09
140.0260	0.612	-0.642	1.936635364e-08	2.56961139e-09	-2.55644251e-09
141.3360	0.779	-0.697	1.631734955e-08	2.185980613e-09	-2.175538129e-09
143.1110	0.988	-0.996	1.251726462e-08	1.612679232e-09	-1.604640237e-09
144.8280	0.888	-0.729	1.462733767e-08	1.998733706e-09	-1.989775247e-09
146.5490	0.880	-0.833	1.315717199e-08	1.755279089e-09	-1.747536899e-09
147.8622	0.3569	-0.4331	1.518933057e-08	2.866772556e-09	-3.129828091e-09
148.6598	0.4470	-0.4408	1.339123536e-08	2.864731548e-09	-2.665789682e-09
149.4675	0.4826	-0.3607	1.435813343e-08	3.12664912e-09	-2.805416437e-09
150.3302	0.3939	-0.38	1.607252542e-08	3.131411893e-09	-3.20045042e-09
151.2690	0.635	-0.545	1.007897576e-08	2.061365034e-09	-2.03649067e-09
152.4072	0.3949	-0.5036	1.384447554e-08	3.412212578e-09	-2.541799288e-09
153.2833	0.5097	-0.4812	1.221926819e-08	2.513561555e-09	-2.433512615e-09
154.4530	0.600	-0.66	9.76024087e-09	2.071919504e-09	-1.915499059e-09
155.6130	0.461	-0.561	1.207257074e-08	2.761223225e-09	-2.313283435e-09
156.5910	0.734	-0.517	9.41740373e-09	2.155339391e-09	-1.874809409e-09
158.2320	0.879	-0.908	6.80447986e-09	1.28149032e-09	-1.365676427e-09
160.0450	0.777	-0.934	7.03517523e-09	1.580916887e-09	-1.355115221e-09
161.5280	0.739	-0.706	7.82479862e-09	1.7881975e-09	-1.453160227e-09
162.5544	0.3317	-0.2875	6.20479062e-09	8.44907005e-10	-8.61467882e-10
163.1488	0.2692	-0.2627	7.29164422e-09	9.93115003e-10	-1.015649449e-09
163.6796	0.2668	-0.2615	7.2000683e-09	1.005676801e-09	-1.028765283e-09
164.2766	0.2801	-0.3302	6.29525089e-09	8.75041343e-10	-8.96733789e-10
164.8632	0.3375	-0.3065	5.96501428e-09	8.28914899e-10	-8.49407074e-10
165.4869	0.3419	-0.2862	6.11691529e-09	8.47348384e-10	-8.67627112e-10
166.1360	0.3599	-0.3072	5.7024029e-09	7.90061651e-10	-8.06577902e-10
166.9227	0.4218	-0.4268	4.57063281e-09	6.22300729e-10	-6.3636676e-10
167.6801	0.3014	-0.3355	6.03148597e-09	8.28230774e-10	-8.46216736e-10
168.3844	0.4048	-0.4029	4.71008485e-09	6.48750054e-10	-6.61344269e-10
169.1046	0.3268	-0.3154	5.98137434e-09	8.25491327e-10	-8.44468744e-10
169.8567	0.3771	-0.4253	4.78782671e-09	6.561706e-10	-6.70100648e-10
170.5875	0.3633	-0.3537	5.30625874e-09	7.2785848e-10	-7.41228598e-10
171.4005	0.4737	-0.4497	4.20073379e-09	5.73180975e-10	-5.86452158e-10
172.3352	0.4250	-0.4611	4.35833935e-09	6.07198196e-10	-6.22601323e-10
173.1167	0.4512	-0.3565	4.85590241e-09	6.56391204e-10	-6.70037077e-10
173.8966	0.2993	-0.3288	4.194507621e-09	6.7037093e-10	-6.80269061e-10
174.6228	0.3827	-0.4269	4.84513744e-09	6.58845213e-10	-6.73532219e-10
175.3021	0.3332	-0.2966	4.182642578e-09	6.72897772e-10	-6.84011751e-10
176.0359	0.3714	-0.4007	4.98233713e-09	6.96462405e-10	-7.12591336e-10
176.7467	0.3491	-0.3394	3.911088316e-09	6.27747627e-10	-6.39493948e-10
177.5363	0.4723	-0.4404	4.29741223e-09	5.87215852e-10	-6.0102381e-10
178.3679	0.2954	-0.3593	4.202359271e-09	6.70026131e-10	-6.83216903e-10
179.0189	0.4254	-0.3557	4.149198338e-09	6.25861126e-10	-6.40440777e-10
179.7798	0.3602	-0.3355	3.678859243e-09	6.16988551e-10	-6.27988439e-10
180.5679	0.3513	-0.428	3.380501174e-09	5.4295528e-10	-5.51684715e-10
181.3463	0.3646	-0.4271	3.279860282e-09	5.36671013e-10	-5.45344455e-10
182.0489	0.3488	-0.3379	3.726457924e-09	6.25088591e-10	-6.36268246e-10
182.8431	0.3960	-0.4455	3.124279732e-09	5.03690294e-10	-5.12292166e-10
183.5761	0.3373	-0.3369	3.820112742e-09	6.25539482e-10	-6.35774413e-10
184.2853	0.3665	-0.3718	3.488690596e-09	5.75079685e-10	-5.85512907e-10
185.0810	0.3838	-0.4292	3.213899265e-09	5.21381556e-10	-5.31151703e-10
185.8268	0.3782	-0.3619	3.53071229e-09	5.69261465e-10	-5.78996248e-10
186.6811	0.4561	-0.4761	2.803009159e-09	4.51096869e-10	-4.58587722e-10
187.5214	0.5392	-0.3842	2.749211674e-09	4.56306323e-10	-4.63170307e-10
188.6650	0.622	-0.604	2.131759181e-09	3.423841019e-10	-3.478874139e-10
189.6992	0.3931	-0.4128	3.242314239e-09	5.24542003e-10	-5.33986717e-10
190.6730	0.561	-0.581	2.255131547e-09	3.689421712e-10	-3.748911959e-10
191.8940	0.636	-0.659	2.017511148e-09	3.251442782e-10	-3.306667457e-10
193.1760	0.530	-0.646	2.221832131e-09	3.596706145e-10	-3.662055028e-10
194.2910	0.437	-0.586	2.507049948e-09	4.102008869e-10	-4.168276795e-10
195.2970	0.519	-0.568	2.39351551e-09	3.868927271e-10	-3.937708146e-10
196.3042	0.4385	-0.4884	2.766947141e-09	4.54175642e-10	-4.6190015e-10
197.2190	0.668	-0.476	2.274375878e-09	3.638373357e-10	-3.693019999e-10
198.5670	0.606	-0.68	1.993878734e-09	3.283683804e-10	-3.342439406e-10
200.2280	0.805	-1.055	1.378157814e-09	2.279430825e-10	-2.322832136e-10
201.9760	0.812	-0.942	1.440883867e-09	2.425902198e-10	-2.471675002e-10
203.6670	0.738	-0.879	1.58853825e-09	2.622352165e-10	-2.670937249e-10
205.1220	0.525	-0.717	2.174207348e-09	3.549700232e-10	-3.622215377e-10
206.3810	0.586	-0.734	2.016137004e-09	3.326376993e-10	-3.387480512e-10
207.5290	0.504	-0.562	2.497438939e-09	4.15652879e-10	-4.24252646e-10
208.7060	0.558	-0.673	2.193072779e-09	3.626380751e-10	-3.712280749e-10
209.8630	0.648	-0.599	2.164921351e-09	3.572537798e-10	-3.655271876e-10
211.0280	0.531	-0.517	2.576562942e-09	4.24669857e-10	-4.34384853e-10
212.0197	0.5020	-0.4605	2.765148629e-09	4.6629539e-10	-4.77499042e-10
212.8740	0.3522	-0.3524	3.777667522e-09	6.38381666e-10	-6.54040761e-10
213.6817	0.5105	-0.4555	2.675316491e-09	4.5999723e-10	-4.68976318e-10
214.6004	0.3515	-0.4082	3.401981857e-09	5.85631629e-10	-5.97245756e-10
215.4568	0.4540	-0.5049	2.782110298e-09	4.56027621e-10	-4.65818397e-10
216.3299	0.2801	-0.4191	3.809909386e-09	6.26892155e-10	-6.40973342e-10
216.9920	0.3048	-0.3819	3.878961806e-09	6.28959265e-10	-6.40659276e-10
217.8102	0.4260	-0.5134	2.835759591e-09	4.59369098e-10	-4.67799623e-10
218.5782	0.3554	-0.342	3.819642906e-09	6.18041472e-10	-6.29195867e-10
219.2597	0.3499	-0.3261	3.940282561e-09	6.31595146e-10	-6.41413708e-10
219.9435	0.3066	-0.3339	4.099857138e-09	6.71210404e-10	-6.82157246e-10
220.6302	0.3956	-0.3801	3.995676478e-09	6.22576905e-10	-6.37884886e-10
221.4121	0.3929	-0.3863	3.36974294e-09	5.60720217e-10	-5.72275825e-10
222.1404	0.3104	-0.3354	4.007053161e-09	6.6706608e-10	-6.77636969e-10
222.8661	0.3605	-0.4152	5.11309973e-09	6.94230263e-10	-7.09438467e-10
223.6223	0.3996	-0.3957	4.89160742e-09	6.77583081e-10	-6.91710157e-10
224.4065	0.4124	-0.3847	4.78535965e-09	6.7959925e-10	-6.93836207e-10
225.1750	0.3040	-0.3561	5.95139072e-09	8.14623633e-10	-8.31657293e-10
225.7995	0.3040	-0.3205	4.133188129e-09	6.7049302e-10	-6.79789542e-10
226.4289	0.3434	-0.3255	5.76035776e-09	7.84935134e-10	-8.02844474e-10
227.1304	0.3874	-0.358	5.1691222e-09	7.16355918e-10	-7.35726549e-10
227.9060	0.3697	-0.3882	5.03544628e-09	6.85458307e-10	-6.98845265e-10
228.6378	0.3478	-0.362	5.45719145e-09	7.33223704e-10	-7.46457418e-10
229.3732	0.3685	-0.3876	5.04739426e-09	6.83302366e-10	-6.95687765e-10
230.0554	0.3161	-0.3137	6.11830038e-09	8.31817273e-10	-8.50318539e-10
230.6920	0.3005	-0.3204	6.08696114e-09	8.43162381e-10	-8.60742078e-10
231.3621	0.2814	-0.3697	5.91776966e-09	8.13940771e-10	-8.3441779e-10
231.9407	0.2917	-0.2971	6.48092873e-09	9.08416118e-10	-9.32838749e-10
232.5117	0.3238	-0.2793	6.38895286e-09	8.79399114e-10	-9.0168517e-10
233.1244	0.3339	-0.2888	6.18814849e-09	8.46140956e-10	-8.66184345e-10
233.8164	0.2770	-0.3582	5.95055714e-09	8.24685954e-10	-8.41985686e-10
234.4341	0.3105	-0.3406	5.80422596e-09	8.1475288e-10	-8.34484308e-10
235.0272	0.2582	-0.2826	7.12451985e-09	9.80784334e-10	-1.005674275e-09
235.5904	0.3391	-0.305	5.92589917e-09	8.2172464e-10	-8.41598787e-10
236.2146	0.3749	-0.2852	5.80467222e-09	7.98266099e-10	-8.15899263e-10
236.9157	0.3392	-0.3262	5.88038065e-09	7.89981661e-10	-8.05181866e-10
237.6112	0.3037	-0.3563	5.87103866e-09	8.04253561e-10	-8.21242595e-10
238.2291	0.2890	-0.3141	6.48762263e-09	8.91621586e-10	-9.1387733e-10
238.7774	0.2833	-0.2593	7.21082064e-09	9.83446317e-10	-1.006099064e-09
239.3242	0.2702	-0.2635	7.19052423e-09	9.99751647e-10	-1.021540502e-09
239.8673	0.3249	-0.2729	6.42001845e-09	9.09290535e-10	-9.33353632e-10
240.4884	0.3230	-0.2962	6.31971099e-09	8.63868003e-10	-8.84258717e-10
241.1209	0.2687	-0.3095	6.76696455e-09	9.32109156e-10	-9.55901129e-10
241.6881	0.3100	-0.2985	6.36898483e-09	8.89263986e-10	-9.12309105e-10
242.2861	0.2759	-0.288	6.9378695e-09	9.62104564e-10	-9.88277713e-10
242.8674	0.2995	-0.3053	6.40655066e-09	8.8605344e-10	-9.06897992e-10
243.4538	0.3447	-0.2869	6.13586029e-09	8.40377466e-10	-8.58076727e-10
244.0596	0.2762	-0.2611	7.14301859e-09	9.92236376e-10	-1.013638753e-09
244.6497	0.2856	-0.314	6.40094294e-09	8.7838282e-10	-8.94609423e-10
245.2447	0.3418	-0.3094	5.8936211e-09	8.10087779e-10	-8.25388182e-10
245.8790	0.2572	-0.2925	7.04932925e-09	9.66579794e-10	-9.87213425e-10
246.3744	0.2778	-0.2382	7.5838098e-09	1.023719598e-09	-1.044647508e-09
246.9391	0.2789	-0.2869	6.77696751e-09	9.24775336e-10	-9.43391535e-10
247.5588	0.3691	-0.3408	5.17982402e-09	7.13065382e-10	-7.26810611e-10
248.2883	0.2533	-0.3605	6.04913429e-09	8.20144627e-10	-8.35319151e-10
248.8697	0.2804	-0.3281	6.16130974e-09	8.2745445e-10	-8.43305942e-10
249.5195	0.3831	-0.3694	4.93374952e-09	6.70856764e-10	-6.83758309e-10
250.2788	0.3034	-0.3762	5.51611882e-09	7.45072749e-10	-7.60420725e-10
250.8993	0.3217	-0.3171	5.75696029e-09	8.00959236e-10	-8.18550721e-10
251.4868	0.3177	-0.2658	6.36266983e-09	8.76212565e-10	-8.95877896e-10
252.1926	0.3325	-0.3881	5.15303158e-09	6.97379764e-10	-7.09963454e-10
252.8378	0.2833	-0.3127	6.22966751e-09	8.40689427e-10	-8.55255606e-10
253.3778	0.2574	-0.2567	7.72638145e-09	1.017343553e-09	-1.038820447e-09
253.9668	0.3053	-0.3316	5.8858326e-09	8.05404575e-10	-8.2462954e-10
254.6104	0.4072	-0.3383	5.02894183e-09	6.9399324e-10	-7.12028038e-10
255.3008	0.3395	-0.2832	5.96247986e-09	8.32807886e-10	-8.54464547e-10
255.9462	0.2902	-0.3058	6.29017363e-09	8.74718857e-10	-8.99116649e-10
256.5953	0.3811	-0.359	4.96829257e-09	6.97036228e-10	-7.13821498e-10
257.2774	0.3413	-0.3009	5.83692082e-09	7.98635737e-10	-8.17678409e-10
257.9445	0.3058	-0.3258	4.073085327e-09	6.6671665e-10	-6.76309135e-10
258.6165	0.3241	-0.3662	5.51317182e-09	7.65592289e-10	-7.82042864e-10
259.3114	0.4298	-0.3708	4.84655621e-09	6.7186127e-10	-6.90079624e-10
260.1539	0.2740	-0.4128	5.5417914e-09	7.74386979e-10	-7.92249588e-10
260.7451	0.3571	-0.3172	5.75424063e-09	7.85468962e-10	-8.03731942e-10
261.4716	0.3031	-0.3694	5.85582372e-09	7.83040634e-10	-7.98581428e-10
262.0891	0.3065	-0.3144	4.197179287e-09	6.71497526e-10	-6.81597737e-10
262.7232	0.2649	-0.3276	6.5843979e-09	9.03689551e-10	-9.2484438e-10
263.2969	0.3690	-0.3088	5.61451073e-09	7.95601169e-10	-8.16755156e-10
264.0182	0.3256	-0.3523	5.72416439e-09	7.81319165e-10	-7.99475632e-10
264.6695	0.2827	-0.3257	6.25472543e-09	8.7160893e-10	-8.91108387e-10
265.2590	0.3497	-0.3068	5.91035585e-09	8.19423033e-10	-8.41664463e-10
265.9414	0.3434	-0.3327	5.6293594e-09	8.09600261e-10	-8.34056993e-10
266.6284	0.3093	-0.3437	5.88561368e-09	8.33337925e-10	-8.57790868e-10
267.3339	0.3812	-0.3962	4.99065609e-09	6.8657101e-10	-7.03880004e-10
268.1383	0.4238	-0.4231	4.49925647e-09	6.29566768e-10	-6.44306399e-10
269.0214	0.3554	-0.4594	4.79907162e-09	6.53298117e-10	-6.68040695e-10
269.7615	0.4515	-0.3847	4.58686236e-09	6.43500605e-10	-6.58990879e-10
270.5112	0.3601	-0.2982	5.8834329e-09	8.1502653e-10	-8.34541564e-10
271.2440	0.3817	-0.3726	5.18377721e-09	6.9997144e-10	-7.14339749e-10
272.0594	0.3811	-0.4337	4.70710417e-09	6.65938642e-10	-6.83378146e-10
272.7848	0.3264	-0.3443	3.915754259e-09	6.40066508e-10	-6.53343164e-10
273.5323	0.4258	-0.421	4.159753229e-09	6.07260083e-10	-6.22828242e-10
274.3242	0.3437	-0.3661	4.005410419e-09	6.41856179e-10	-6.54818769e-10
275.0674	0.4723	-0.3994	4.44267828e-09	6.1403271e-10	-6.28374496e-10
275.9304	0.4117	-0.3907	4.82682394e-09	6.72793364e-10	-6.89941536e-10
276.7564	0.3276	-0.4143	3.540101011e-09	5.77754719e-10	-5.89499777e-10
277.4597	0.4641	-0.3757	4.080886457e-09	6.06270312e-10	-6.21176659e-10
278.2750	0.3746	-0.3513	4.077833786e-09	6.35930183e-10	-6.47583042e-10
279.0108	0.3006	-0.3612	3.930474945e-09	6.36621886e-10	-6.48283586e-10
279.6964	0.3391	-0.385	3.552849733e-09	5.77255413e-10	-5.88308768e-10
280.4269	0.3488	-0.3914	3.426353968e-09	5.66173009e-10	-5.76810416e-10
281.0809	0.3548	-0.3052	3.897526222e-09	6.28920112e-10	-6.39812224e-10
281.7824	0.3988	-0.3467	3.352630132e-09	5.53430602e-10	-5.60948399e-10
282.5709	0.3575	-0.3897	3.393720995e-09	5.50644424e-10	-5.58308729e-10
283.2695	0.3278	-0.3412	4.132669878e-09	6.52607256e-10	-6.64369575e-10
283.9360	0.3409	-0.3387	3.983646824e-09	6.34923993e-10	-6.46195847e-10
284.6278	0.2808	-0.3508	4.073222152e-09	6.56168495e-10	-6.67239111e-10
285.3022	0.4016	-0.3937	3.188768091e-09	5.20875935e-10	-5.29056386e-10
285.9878	0.3529	-0.284	3.981511091e-09	6.53306537e-10	-6.6435484e-10
286.7340	0.3629	-0.3932	3.402409172e-09	5.49837788e-10	-5.5957636e-10
287.5228	0.4210	-0.4259	2.994385234e-09	4.93285279e-10	-5.02150276e-10
288.3376	0.4299	-0.3939	3.078508191e-09	5.10979909e-10	-5.21189159e-10
289.2415	0.4939	-0.474	2.658106432e-09	4.29188871e-10	-4.36693196e-10
290.1700	0.3890	-0.4347	3.166504348e-09	5.11571835e-10	-5.20594286e-10
290.9669	0.4105	-0.4079	3.100345882e-09	5.13984165e-10	-5.21553745e-10
291.7586	0.3981	-0.3811	3.351716141e-09	5.37822869e-10	-5.46334647e-10
292.5712	0.4164	-0.4145	3.143706777e-09	5.07438457e-10	-5.16268932e-10
293.4421	0.4011	-0.4546	3.008532518e-09	5.00481432e-10	-5.10771514e-10
294.2387	0.4123	-0.3954	3.233614274e-09	5.22945571e-10	-5.32310716e-10
294.9939	0.3545	-0.3429	3.668017651e-09	6.17988005e-10	-6.28643094e-10
295.7914	0.4626	-0.443	4.21192818e-09	5.95637536e-10	-6.1117412e-10
296.6876	0.3243	-0.4336	3.347794947e-09	5.59973784e-10	-5.69560375e-10
297.4398	0.4278	-0.4279	4.137292037e-09	5.90228528e-10	-6.03896293e-10
298.2308	0.3218	-0.3632	3.758777673e-09	6.15420747e-10	-6.2547128e-10
299.0103	0.3055	-0.4577	3.422086291e-09	5.46228134e-10	-5.54111359e-10
299.6181	0.3400	-0.3023	4.098989457e-09	6.62440553e-10	-6.72907876e-10
300.3442	0.3452	-0.3861	5.33764429e-09	7.44852566e-10	-7.66263363e-10
300.9989	0.3327	-0.3096	4.196263191e-09	6.88390151e-10	-7.05169527e-10
301.7359	0.3554	-0.4043	5.16729085e-09	7.22001528e-10	-7.42956382e-10
302.5236	0.4519	-0.4323	4.43952078e-09	6.07784649e-10	-6.22364721e-10
303.3612	0.3651	-0.3857	5.22844952e-09	7.20327211e-10	-7.38748908e-10
304.0855	0.4556	-0.3592	4.078126802e-09	6.09044281e-10	-6.22163904e-10
304.8717	0.4148	-0.3306	5.21553745e-09	7.18742988e-10	-7.3499864e-10
305.6922	0.3808	-0.4056	4.94412717e-09	6.80976762e-10	-6.96289795e-10
306.5193	0.4397	-0.4463	4.38809142e-09	6.16748581e-10	-6.33746035e-10
307.3619	0.4154	-0.403	4.75059347e-09	6.65611525e-10	-6.83437928e-10
308.1934	0.5038	-0.4161	4.104151759e-09	5.8832645e-10	-6.02054418e-10
309.0018	0.3767	-0.3047	5.70569933e-09	8.01549478e-10	-8.23546728e-10
309.6914	0.3668	-0.3128	5.72070798e-09	7.98758669e-10	-8.1945966e-10
310.3834	0.3864	-0.3253	5.59846642e-09	7.63654005e-10	-7.82615003e-10
311.0872	0.3729	-0.3174	5.54793379e-09	7.76514713e-10	-7.94747381e-10
311.8463	0.2347	-0.3862	6.06716572e-09	8.67451555e-10	-8.89813391e-10
312.4067	0.3503	-0.3257	5.68208544e-09	8.00450668e-10	-8.22954381e-10
313.1355	0.3723	-0.3785	4.163666845e-09	6.43308629e-10	-6.61670965e-10
313.8144	0.3215	-0.3065	6.17583003e-09	8.65546109e-10	-8.91302889e-10
314.4457	0.3716	-0.3098	5.69212629e-09	7.75476527e-10	-7.93128215e-10
315.1703	0.3124	-0.353	5.77330772e-09	7.97120558e-10	-8.15532993e-10
315.7716	0.2910	-0.289	6.72318476e-09	9.33128397e-10	-9.57591865e-10
316.3427	0.3000	-0.28	6.68743765e-09	9.27166616e-10	-9.52337785e-10
316.9283	0.2730	-0.2856	6.94289203e-09	9.49273747e-10	-9.71736623e-10
317.4836	0.3084	-0.2823	6.50354064e-09	9.07758937e-10	-9.31210321e-10
318.1320	0.3200	-0.34	5.76358683e-09	8.10593821e-10	-8.30614897e-10
318.7238	0.2371	-0.2718	7.59035214e-09	1.045971132e-09	-1.068369595e-09
319.2518	0.2801	-0.2909	6.66146616e-09	9.1857569e-10	-9.36671954e-10
319.8199	0.2369	-0.2879	7.31931655e-09	9.99218661e-10	-1.01944308e-09
320.2860	0.2814	-0.2292	8.04954947e-09	1.070693936e-09	-1.096004456e-09
320.8453	0.2594	-0.2779	7.21875649e-09	9.94400737e-10	-1.019798404e-09
321.4000	0.2313	-0.2953	7.15338361e-09	1.009670407e-09	-1.03240567e-09
321.9039	0.2470	-0.2725	7.42664208e-09	1.041240776e-09	-1.068074474e-09
322.4163	0.2540	-0.2655	7.38247076e-09	1.044381857e-09	-1.074833208e-09
322.9798	0.2296	-0.3095	7.1831862e-09	9.91117779e-10	-1.016835827e-09
323.4763	0.2366	-0.2669	8.03500813e-09	1.103387533e-09	-1.136340887e-09
323.9665	0.2677	-0.2536	7.9824968e-09	1.07177338e-09	-1.101354103e-09
324.5063	0.2527	-0.2721	7.30712018e-09	1.030040492e-09	-1.05917706e-09
325.0178	0.2678	-0.2588	7.84743579e-09	1.101244222e-09	-1.130169448e-09
325.5312	0.2686	-0.2456	7.79617904e-09	1.07441305e-09	-1.104427824e-09
326.0846	0.3254	-0.2849	6.37933301e-09	8.96531288e-10	-9.22800846e-10
326.6640	0.2513	-0.2539	9.15053183e-09	1.214988318e-09	-1.259349509e-09
327.1448	0.2758	-0.2295	9.80437009e-09	1.306134818e-09	-1.360589905e-09
327.6885	0.2408	-0.268	7.6101223e-09	1.075623425e-09	-1.109681483e-09
328.1354	0.2975	-0.206	1.363544483e-08	2.164709167e-09	-2.123963524e-09
328.9347	0.3877	-0.5019	1.365092921e-08	3.289482658e-09	-2.621254197e-09
329.8740	0.551	-0.552	1.120862401e-08	2.517340451e-09	-2.237975376e-09
330.9930	0.545	-0.567	1.101972973e-08	2.534132457e-09	-2.177094987e-09
331.9473	0.3800	-0.4099	1.560834345e-08	3.590365043e-09	-3.090127791e-09
332.7282	0.4620	-0.4009	1.394505665e-08	3.217322416e-09	-2.789085426e-09
333.6456	0.4253	-0.4553	1.391391528e-08	3.163313589e-09	-2.772573806e-09
334.5468	0.4083	-0.4759	1.360851767e-08	3.095745194e-09	-2.750469622e-09
335.2793	0.3785	-0.3242	1.743662857e-08	3.787395148e-09	-3.592739904e-09
336.0343	0.3636	-0.3765	1.685430558e-08	4.090898258e-09	-3.147343796e-09
336.8687	0.4882	-0.4707	1.254787974e-08	3.048990618e-09	-2.412231486e-09
337.9350	0.448	-0.578	1.182906855e-08	2.813343867e-09	-2.283040479e-09
338.8850	0.610	-0.502	1.105042063e-08	2.329307958e-09	-2.156612074e-09
339.9467	0.4223	-0.4513	1.385137573e-08	2.50814118e-09	-2.856650874e-09
340.9093	0.4400	-0.5403	1.234322322e-08	2.768101523e-09	-2.383204378e-09
341.7759	0.4593	-0.4266	1.328796406e-08	3.250743922e-09	-2.557513534e-09
342.5635	0.3888	-0.3282	1.687591551e-08	3.790218795e-09	-3.242317186e-09
343.3631	0.5338	-0.4109	1.269276689e-08	2.891127827e-09	-2.441830733e-09
344.2277	0.3382	-0.3308	1.792455915e-08	4.033074329e-09	-3.463086639e-09
344.9719	0.3003	-0.406	1.71312899e-08	4.120305529e-09	-3.211963928e-09
345.7091	0.3495	-0.4369	1.524837161e-08	3.622641008e-09	-2.88996713e-09
346.4752	0.3662	-0.4167	1.545690975e-08	3.626226244e-09	-2.927824292e-09
347.2202	0.4040	-0.3788	1.531790397e-08	3.801763457e-09	-2.873684113e-09
348.0293	0.4151	-0.4051	1.47529767e-08	3.226911533e-09	-2.861954632e-09
348.9730	0.503	-0.529	1.172588566e-08	2.260877355e-09	-2.370523016e-09
349.8404	0.3493	-0.3641	1.721939257e-08	3.637398742e-09	-3.35814439e-09
350.5921	0.2879	-0.4024	1.781126805e-08	4.37147455e-09	-3.320817688e-09
351.1949	0.3932	-0.3149	1.689893158e-08	4.22753886e-09	-3.175001812e-09
352.0045	0.3450	-0.4165	1.585888476e-08	3.846034554e-09	-3.030062879e-09
352.7300	0.4059	-0.3804	1.577518575e-08	3.853782638e-09	-2.930625205e-09
353.5441	0.3871	-0.4082	1.546034511e-08	3.779887034e-09	-2.891400635e-09
354.2823	0.3498	-0.3512	1.722701267e-08	4.100547578e-09	-3.339580816e-09
354.9953	0.4712	-0.3632	1.473526102e-08	3.395509403e-09	-2.802204628e-09
356.1070	0.618	-0.64	9.3387483e-09	1.896769611e-09	-1.899653882e-09
357.2623	0.4085	-0.538	1.310622257e-08	2.763100043e-09	-2.807409872e-09
358.0785	0.3467	-0.4077	1.615384999e-08	3.373194719e-09	-3.490549311e-09
358.7880	0.4841	-0.3628	1.451872388e-08	3.10998173e-09	-3.00061856e-09
359.7570	0.517	-0.485	1.227844395e-08	2.755323331e-09	-2.453092904e-09
360.7043	0.4500	-0.4306	1.392553067e-08	3.269537362e-09	-2.708063555e-09
361.5452	0.3974	-0.3908	1.556029051e-08	3.796404548e-09	-2.936699393e-09
362.3627	0.5637	-0.4202	1.224064236e-08	3.035590188e-09	-2.302515518e-09
363.4020	0.554	-0.476	1.201242668e-08	2.963664022e-09	-2.218387509e-09
364.4673	0.4268	-0.5108	1.308006584e-08	3.230711479e-09	-2.444590388e-09
365.4280	0.519	-0.534	1.153930267e-08	2.805852172e-09	-2.20019652e-09
366.3919	0.5553	-0.4446	1.226535927e-08	2.920915682e-09	-2.359224639e-09
367.3810	0.5073	-0.4339	1.314782158e-08	3.067705331e-09	-2.55059061e-09
368.5870	0.561	-0.699	9.47321991e-09	2.291316076e-09	-1.8419592e-09
369.6780	0.685	-0.531	9.81982079e-09	2.454155508e-09	-1.859958634e-09
370.9510	0.577	-0.588	1.031697548e-08	2.448663984e-09	-1.956026624e-09
372.0920	0.644	-0.564	1.013856831e-08	2.218501179e-09	-1.942030479e-09
373.4250	0.651	-0.688	8.89961162e-09	1.886410906e-09	-1.754802938e-09
374.7300	0.533	-0.654	1.022975691e-08	2.134145409e-09	-2.003388703e-09
375.9540	0.656	-0.691	9.01341634e-09	1.865879999e-09	-1.76975349e-09
377.3840	0.835	-0.775	7.5395206e-09	1.552871551e-09	-1.48285883e-09
378.9030	0.524	-0.684	7.48514424e-09	1.381902188e-09	-1.317290897e-09
379.7060	0.2679	-0.2783	7.00793653e-09	9.57393574e-10	-9.76944393e-10
380.2283	0.2829	-0.2544	7.19288183e-09	9.73637438e-10	-9.94218023e-10
380.8250	0.2875	-0.3139	6.42678392e-09	8.71064577e-10	-8.89760766e-10
381.3934	0.2706	-0.2809	6.94009659e-09	9.51616612e-10	-9.71932388e-10
381.9786	0.3348	-0.3145	5.89446731e-09	8.09428493e-10	-8.27009453e-10
382.6528	0.3331	-0.3394	5.74680156e-09	7.8197803e-10	-7.9953794e-10
383.2696	0.2928	-0.2837	6.64036985e-09	9.12892611e-10	-9.3298231e-10
383.9635	0.4084	-0.4011	4.72846571e-09	6.49814763e-10	-6.64055509e-10
384.6512	0.2971	-0.2794	6.64023513e-09	9.12213959e-10	-9.32122207e-10
385.2761	0.3233	-0.3278	5.93522853e-09	8.06760616e-10	-8.24661115e-10
385.8761	0.2980	-0.2766	6.66088097e-09	9.144541e-10	-9.34260466e-10
386.4825	0.2752	-0.3084	6.62272153e-09	8.9960543e-10	-9.19414322e-10
387.0922	0.3272	-0.3346	5.78343277e-09	7.93470488e-10	-8.10525198e-10
387.7641	0.2781	-0.3446	6.08747476e-09	8.44030483e-10	-8.61828679e-10
388.4093	0.3232	-0.3671	5.54504994e-09	7.61759505e-10	-7.78383532e-10
388.9711	0.3325	-0.2386	6.70263575e-09	9.22056939e-10	-9.4250112e-10
389.6673	0.3373	-0.3637	5.35485056e-09	7.53180788e-10	-7.69470541e-10
390.3072	0.2881	-0.3026	6.42194663e-09	8.85949453e-10	-9.06227339e-10
390.9448	0.3230	-0.3496	5.63037401e-09	7.7784802e-10	-7.9592997e-10
391.6687	0.3018	-0.401	5.44030093e-09	7.45332506e-10	-7.63346675e-10
392.3377	0.3409	-0.3672	5.39924922e-09	7.40780654e-10	-7.58954803e-10
393.0818	0.3315	-0.4033	5.15323366e-09	7.12488612e-10	-7.29192629e-10
393.7532	0.4127	-0.3398	4.98274129e-09	6.93233756e-10	-7.08456274e-10
394.5385	0.3515	-0.3725	5.22929573e-09	7.16295294e-10	-7.31400774e-10
395.2722	0.4006	-0.3822	4.83718475e-09	6.59873295e-10	-6.73105746e-10
396.0556	0.3235	-0.3828	3.531729847e-09	5.8136311e-10	-5.88824914e-10
396.7653	0.4001	-0.3862	4.81512856e-09	6.5118596e-10	-6.62819032e-10
397.5570	0.4020	-0.3915	4.81813029e-09	6.42183717e-10	-6.53263595e-10
398.2625	0.3708	-0.3035	5.66996906e-09	7.56106738e-10	-7.69249516e-10
398.9572	0.3984	-0.3239	5.24211097e-09	7.07931287e-10	-7.20326369e-10
399.7659	0.3636	-0.4104	4.93994664e-09	6.6139942e-10	-6.73560847e-10
400.5018	0.3589	-0.3723	5.18042605e-09	7.02424607e-10	-7.15436033e-10
401.2090	0.2975	-0.3483	3.877017628e-09	6.38525227e-10	-6.46806718e-10
401.8424	0.3420	-0.3359	4.031832379e-09	6.38703731e-10	-6.47897108e-10
402.5062	0.3560	-0.3219	4.140327026e-09	6.37195709e-10	-6.47164568e-10
403.1427	0.3547	-0.2805	4.000015725e-09	6.49129796e-10	-6.58193505e-10
403.8531	0.4288	-0.3558	3.284960276e-09	5.23640221e-10	-5.3101151e-10
404.7054	0.3434	-0.4234	4.90859898e-09	6.7328425e-10	-6.85643968e-10
405.3743	0.3079	-0.3255	3.895046953e-09	6.51514761e-10	-6.59409774e-10
406.0102	0.3854	-0.3281	3.509549883e-09	5.76364577e-10	-5.83405381e-10
406.7262	0.2992	-0.3307	4.092273244e-09	6.49112956e-10	-6.57405393e-10
407.3392	0.3142	-0.3138	4.104026722e-09	6.50341434e-10	-6.58482311e-10
408.0622	0.4522	-0.4088	4.3710746e-09	5.96274509e-10	-6.06393244e-10
408.8853	0.4209	-0.3708	4.123540072e-09	5.90757725e-10	-6.00174232e-10
409.7155	0.3788	-0.4093	4.94151276e-09	6.58781221e-10	-6.71353123e-10
410.5239	0.4707	-0.4295	4.140184307e-09	5.74616585e-10	-5.85094433e-10
411.3315	0.3570	-0.3369	3.620942694e-09	5.97281962e-10	-6.05276331e-10
412.0917	0.3332	-0.4033	3.537908864e-09	5.65500251e-10	-5.73868047e-10
412.7662	0.3953	-0.3412	3.487432227e-09	5.6743222e-10	-5.75750759e-10
413.5347	0.3188	-0.3732	3.765266967e-09	6.03792306e-10	-6.13244598e-10
414.2809	0.4160	-0.4273	3.090001491e-09	4.9631269e-10	-5.04296534e-10
415.0791	0.4255	-0.3822	3.994467787e-09	5.96738872e-10	-6.08276377e-10
415.9579	0.4078	-0.4533	3.026141264e-09	4.88120451e-10	-4.9652319e-10
416.7876	0.4374	-0.4219	2.989171991e-09	4.91028719e-10	-4.99479873e-10
417.6035	0.3225	-0.3785	3.664379369e-09	6.03109865e-10	-6.13802423e-10
418.3269	0.4317	-0.4009	3.085040006e-09	5.08070799e-10	-5.17162294e-10
419.1847	0.2891	-0.4261	3.591534581e-09	5.91779071e-10	-6.0244679e-10
419.7558	0.3674	-0.282	4.102035392e-09	6.59203905e-10	-6.71753073e-10
420.5190	0.4689	-0.3958	2.97072335e-09	4.89833079e-10	-4.98755753e-10
421.3965	0.3386	-0.4086	3.48734087e-09	5.6614396e-10	-5.76860094e-10
422.1393	0.4658	-0.4042	2.948660845e-09	4.78913602e-10	-4.88037093e-10
423.0138	0.4826	-0.4088	2.826016388e-09	4.58276182e-10	-4.66815746e-10
423.8952	0.3769	-0.3988	3.247329191e-09	5.24508323e-10	-5.33726539e-10
424.6003	0.3319	-0.3282	3.816317006e-09	6.14380877e-10	-6.24638542e-10
425.3531	0.3725	-0.4209	3.129345204e-09	5.10507547e-10	-5.18348672e-10
426.0658	0.4088	-0.3402	3.363097876e-09	5.38017792e-10	-5.46100571e-10
426.9700	0.3996	-0.4953	2.814782424e-09	4.48738427e-10	-4.55068162e-10
427.7872	0.5306	-0.4177	2.618488648e-09	4.23421171e-10	-4.28933745e-10
428.8120	0.582	-0.494	2.240079955e-09	3.744112138e-10	-3.788733928e-10
429.9700	0.557	-0.576	2.19095136e-09	3.536177712e-10	-3.580450914e-10
431.0132	0.4999	-0.4857	2.555619034e-09	4.052900482e-10	-4.104464562e-10
432.1030	0.456	-0.59	2.373603473e-09	3.824771528e-10	-3.871023009e-10
433.0455	0.5029	-0.4863	2.587181825e-09	4.174124064e-10	-4.22597274e-10
434.2150	0.457	-0.667	2.303575596e-09	3.73289333e-10	-3.783588887e-10
435.1885	0.3953	-0.5156	2.948758938e-09	4.67575651e-10	-4.74817693e-10
436.1023	0.3994	-0.5186	2.862301115e-09	4.60206888e-10	-4.67734368e-10
437.2090	0.805	-0.707	1.71280903e-09	2.813772445e-10	-2.862243017e-10
438.5187	0.4862	-0.5047	2.65160956e-09	4.30104967e-10	-4.38149435e-10
439.4950	0.603	-0.49	2.405423074e-09	3.905919699e-10	-3.980090216e-10
440.7120	0.697	-0.614	1.975382099e-09	3.263743981e-10	-3.324959907e-10
442.0830	0.551	-0.675	2.113041942e-09	3.496397422e-10	-3.563367576e-10
443.1410	0.650	-0.506	2.269928855e-09	3.686527337e-10	-3.756697091e-10
444.3200	0.548	-0.53	2.357013968e-09	3.927818435e-10	-3.991122521e-10
445.5670	0.688	-0.698	1.887409939e-09	3.023191317e-10	-3.069611198e-10
446.8760	0.599	-0.621	2.143256691e-09	3.409802774e-10	-3.45604794e-10
447.9250	0.630	-0.45	2.422223921e-09	3.842349541e-10	-3.891497502e-10
449.3450	0.643	-0.789	1.774349126e-09	2.916345727e-10	-2.952601405e-10
450.8540	0.688	-0.867	1.68223601e-09	2.680329338e-10	-2.717731399e-10
452.3410	0.767	-0.798	1.623115401e-09	2.680577307e-10	-2.717313767e-10
454.0610	0.812	-0.953	1.457941524e-09	2.375736259e-10	-2.411511155e-10
455.4520	0.478	-0.579	2.465107402e-09	3.963485134e-10	-4.028320818e-10
456.5810	0.539	-0.651	2.157541642e-09	3.53409713e-10	-3.592229231e-10
458.1560	0.918	-1.036	1.238458647e-09	2.17086545e-10	-2.20236888e-10
460.1190	0.732	-1.046	1.444827795e-09	2.355294183e-10	-2.391008455e-10
461.7390	0.678	-0.888	1.663957032e-09	2.656112997e-10	-2.694474517e-10
463.2910	1.007	-0.875	1.384001294e-09	2.204804786e-10	-2.23548053e-10
465.2370	1.011	-0.939	1.309556285e-09	2.123078582e-10	-2.15216884e-10
467.3200	0.873	-1.072	1.328017135e-09	2.119889928e-10	-2.150513047e-10
469.1560	0.859	-0.963	1.417504474e-09	2.26567465e-10	-2.299181198e-10
471.3540	1.084	-1.339	1.03531899e-09	1.713413586e-10	-1.737852215e-10
473.9890	1.433	-1.55	8.28504845e-10	1.399024679e-10	-1.419531168e-10
476.6540	1.491	-1.232	9.51692813e-10	1.562005567e-10	-1.588533198e-10
479.5870	1.098	-1.441	1.037163812e-09	1.682665851e-10	-1.714225274e-10
482.1940	1.038	-1.51	1.033552895e-09	1.682666272e-10	-1.715785079e-10
484.3960	0.935	-1.164	1.254270144e-09	2.045008342e-10	-2.086055421e-10
486.9190	1.551	-1.588	8.43530756e-10	1.376663685e-10	-1.404650081e-10
489.5860	1.307	-1.116	1.079238973e-09	1.790410276e-10	-1.825933414e-10
492.1620	1.255	-1.269	1.050892201e-09	1.7150698e-10	-1.749931547e-10
494.8190	1.317	-1.401	9.75923889e-10	1.57158458e-10	-1.597953073e-10
497.3520	1.047	-1.216	1.176737942e-09	1.90172436e-10	-1.926189933e-10
499.6520	1.518	-1.253	9.64465111e-10	1.564606084e-10	-1.586309897e-10
502.7030	1.595	-1.532	8.67108861e-10	1.396213241e-10	-1.419597686e-10
506.0020	1.608	-1.703	8.18356219e-10	1.312825771e-10	-1.333517079e-10
510.2490	2.121	-2.64	5.45719145e-10	8.75833244e-11	-8.89737611e-11
514.0300	1.135	-1.66	8.7651358e-10	1.511049411e-10	-1.533958126e-10
517.4800	1.923	-2.315	6.20417175e-10	1.006063279e-10	-1.024803673e-10
521.3180	1.873	-1.915	7.14351116e-10	1.155389032e-10	-1.176113599e-10
525.9520	2.617	-2.761	4.95918213e-10	8.1849978e-11	-8.336221e-11
530.6670	1.796	-2.098	6.55437639e-10	1.075660052e-10	-1.093900298e-10
534.6050	2.442	-2.141	5.62551567e-10	9.07742518e-11	-9.23460132e-11
539.3450	2.247	-2.299	5.69114957e-10	9.21572368e-11	-9.38393002e-11
543.8980	2.797	-2.306	5.09170451e-10	8.23413692e-11	-8.38152902e-11
549.7460	2.573	-3.051	4.4905544e-10	7.54032471e-11	-7.6772297e-11
554.7350	2.513	-2.416	5.20123608e-10	8.50809004e-11	-8.64492767e-11
560.2980	2.325	-3.049	3.231500433e-10	6.2554706e-11	-6.33913172e-11
565.4000	2.148	-2.777	5.30641451e-10	8.62343562e-11	-8.78901913e-11
570.3430	2.543	-2.795	4.83861615e-10	7.91916577e-11	-8.04767602e-11
575.7530	3.427	-2.868	2.792340598e-10	5.39342258e-11	-5.46223924e-11
582.7330	3.376	-3.553	2.404810519e-10	4.87112156e-11	-4.92183943e-11
589.0820	2.814	-2.972	2.792306076e-10	5.81890202e-11	-5.87908818e-11
594.3110	1.978	-2.416	3.925160662e-10	7.56571522e-11	-7.65787212e-11
599.5470	3.091	-3.257	2.658238205e-10	5.24126476e-11	-5.29766613e-11
605.6530	3.100	-3.015	2.733565209e-10	5.55761679e-11	-5.62126778e-11
612.0730	3.179	-3.32	2.638761903e-10	5.20896143e-11	-5.26671421e-11
618.2190	2.439	-2.968	3.237686186e-10	6.25486857e-11	-6.33502276e-11
624.4870	2.306	-3.829	2.688625564e-10	5.62424846e-11	-5.68848043e-11
629.4670	2.014	-2.674	3.788589525e-10	7.35792646e-11	-7.46303753e-11
NO NO NO NO NO NO
! PC_incbad
653.775	21.161	-16.448	1.999631699e-10	4.48275748e-11	-4.48275748e-11
696.805	20.755	-21.869	1.944056752e-10	4.168936081e-11	-4.168936081e-11
737.677	14.986	-20.117	2.144332767e-10	4.83811095e-11	-4.83811095e-11
780.327	37.526	-27.664	1.144734785e-10	2.59280428e-11	-2.59280428e-11
849.302	26.219	-31.449	1.353920423e-10	3.009374518e-11	-3.009374518e-11
904.944	25.737	-29.424	1.423774006e-10	3.12593342e-11	-3.12593342e-11
957.665	20.656	-26.983	1.566467746e-10	3.543440383e-11	-3.543440383e-11
1010.716	35.301	-32.396	1.114515405e-10	2.514603951e-11	-2.514603951e-11
1077.143	39.079	-31.126	1.068371279e-10	2.416717241e-11	-2.416717241e-11
1134.695	31.673	-18.473	1.493441086e-10	3.369547596e-11	-3.369547596e-11
1194.513	24.509	-28.144	1.415071936e-10	3.196846239e-11	-3.196846239e-11
1251.336	37.890	-32.315	1.061824308e-10	2.414377323e-11	-2.414377323e-11
1333.638	43.345	-44.411	8.51180747e-11	1.925419924e-11	-1.925419924e-11
1409.804	32.368	-32.822	1.143721859e-10	2.58382856e-11	-2.58382856e-11
1508.611	63.939	-66.438	7.41498038e-11	1.474467879e-11	-1.474467879e-11
5082.654	27.546	-30.123	3.188317621e-11	7.03488895e-12	-7.03488895e-12
5140.617	42.294	-30.418	2.42768808e-11	5.49192816e-12	-5.49192816e-12
5219.371	23.716	-36.459	2.941243246e-11	6.64260115e-12	-6.64260115e-12
5261.760	21.443	-18.674	4.80199757e-11	1.05451238e-11	-1.05451238e-11
5308.637	19.698	-25.433	3.886206795e-11	8.83564488e-12	-8.83564488e-12
5356.798	26.698	-28.463	3.505933072e-11	7.5769896e-12	-7.5769896e-12
5402.540	21.073	-19.044	4.59648221e-11	1.029504138e-11	-1.029504138e-11
5451.425	29.857	-27.811	3.048822639e-11	6.89706197e-12	-6.89706197e-12
5512.696	33.776	-31.414	3.025814989e-11	6.57937958e-12	-6.57937958e-12
5586.667	32.516	-40.196	2.442972064e-11	5.58240948e-12	-5.58240948e-12
5643.732	30.612	-24.549	3.218963053e-11	7.2819528e-12	-7.2819528e-12
5715.047	32.009	-40.703	2.483391011e-11	5.60857463e-12	-5.60857463e-12
5769.985	27.217	-22.929	3.700904066e-11	8.33047435e-12	-8.33047435e-12
5825.174	29.697	-27.972	3.215003127e-11	7.07129282e-12	-7.07129282e-12
5886.910	25.629	-32.039	3.274698822e-11	7.20259009e-12	-7.20259009e-12
5934.086	31.106	-21.548	3.512368899e-11	7.93245253e-12	-7.93245253e-12
5993.633	26.720	-28.441	3.293496893e-11	7.4505633e-12	-7.4505633e-12
6048.664	26.849	-28.312	3.243566293e-11	7.28892877e-12	-7.28892877e-12
6105.930	39.788	-30.417	2.566799952e-11	5.79694687e-12	-5.79694687e-12
6169.519	23.838	-23.801	3.971470662e-11	8.70752616e-12	-8.70752616e-12
6221.938	21.565	-28.581	3.704213547e-11	8.14729304e-12	-8.14729304e-12
6276.125	32.568	-32.622	2.850753506e-11	6.28008647e-12	-6.28008647e-12
6334.123	24.716	-25.43	3.585253261e-11	8.08358311e-12	-8.08358311e-12
6390.499	36.037	-31.66	2.77452051e-11	6.11214957e-12	-6.11214957e-12
6466.493	35.263	-39.956	2.646162662e-11	5.69289251e-12	-5.69289251e-12
6548.201	43.818	-46.445	2.066561016e-11	4.56703747e-12	-4.56703747e-12
6622.574	34.635	-30.556	2.730834603e-11	6.16741003e-12	-6.16741003e-12
6682.520	19.821	-25.311	3.940746503e-11	8.8703437e-12	-8.8703437e-12
6757.631	34.973	-55.29	2.066992962e-11	4.57527223e-12	-4.57527223e-12
6822.180	25.585	-29.576	3.183271936e-11	7.24962e-12	-7.24962e-12
6897.222	25.762	-49.458	2.500029773e-11	5.53379661e-12	-5.53379661e-12
6944.999	20.609	-22.015	4.44960794e-11	9.80229035e-12	-9.80229035e-12
7002.777	28.021	-37.169	2.805683351e-11	6.26024895e-12	-6.26024895e-12
7057.097	41.398	-26.299	2.595131147e-11	5.92012726e-12	-5.92012726e-12
7143.935	54.853	-45.439	1.738002512e-11	4.018909784e-12	-4.018909784e-12
7256.131	52.970	-57.343	3.03979682e-11	5.00070536e-12	-5.00070536e-12
10908.033	52.982	-72.384	1.341308947e-11	3.044952386e-12	-3.044952386e-12
11012.626	43.667	-51.611	1.996311693e-11	4.53675494e-12	-4.53675494e-12
11115.551	41.034	-59.258	1.90741207e-11	4.29466731e-12	-4.29466731e-12
11195.805	35.999	-39.22	2.523444951e-11	5.70808219e-12	-5.70808219e-12
11275.516	59.088	-43.711	1.860997662e-11	4.2145047e-12	-4.2145047e-12
11395.603	51.830	-60.999	1.687540189e-11	3.826129674e-12	-3.826129674e-12
11486.982	43.193	-39.548	2.564033982e-11	5.63210853e-12	-5.63210853e-12
11615.371	45.183	-85.197	1.460157668e-11	3.306743237e-12	-3.306743237e-12
11715.283	73.144	-54.729	1.483002812e-11	3.382053822e-12	-3.382053822e-12
11845.881	37.824	-57.454	2.119305159e-11	4.68614679e-12	-4.68614679e-12
11954.491	49.565	-70.786	1.598462062e-11	3.611562393e-12	-3.611562393e-12
12076.588	62.862	-72.532	1.421984335e-11	3.216557038e-12	-3.216557038e-12
12201.798	85.583	-62.348	1.290774212e-11	2.960984357e-12	-2.960984357e-12
12336.009	24.085	-48.627	2.654019785e-11	5.98261629e-12	-5.98261629e-12
12424.348	53.589	-64.255	1.633144463e-11	3.698498051e-12	-3.698498051e-12
12512.148	25.965	-34.211	3.160665499e-11	7.15779569e-12	-7.15779569e-12
12595.242	50.685	-57.13	1.81789905e-11	4.102602058e-12	-4.102602058e-12
12704.305	54.451	-58.378	1.715786763e-11	3.876645464e-12	-3.876645464e-12
12819.248	62.367	-60.491	1.558952475e-11	3.555260379e-12	-3.555260379e-12
12967.867	124.003	-86.253	1.773840979e-11	2.99860197e-12	-2.99860197e-12
16524.893	56.324	-61.52	1.389292001e-11	3.158044774e-12	-3.158044774e-12
16659.526	47.057	-78.309	1.393112997e-11	3.156268154e-12	-3.156268154e-12
16764.467	62.467	-57.884	1.451277936e-11	3.280821846e-12	-3.280821846e-12
16897.599	57.208	-70.665	1.366823231e-11	3.086508033e-12	-3.086508033e-12
17010.547	72.133	-55.74	1.355319827e-11	3.08422916e-12	-3.08422916e-12
17147.774	80.325	-65.094	1.376500337e-11	2.911483598e-12	-2.911483598e-12
28134.069	53.173	-67.179	8.42140193e-12	1.913738858e-12	-1.913738858e-12
28261.189	63.955	-73.947	7.40150417e-12	1.668390583e-12	-1.668390583e-12
28394.702	53.300	-69.559	8.21732639e-12	1.869536805e-12	-1.869536805e-12
28503.397	52.419	-55.395	9.45594207e-12	2.136414599e-12	-2.136414599e-12
28614.717	56.436	-58.901	8.83454607e-12	1.991416305e-12	-1.991416305e-12
28750.715	90.936	-79.562	5.92594548e-12	1.351367058e-12	-1.351367058e-12
28889.651	64.829	-48	9.05780658e-12	2.051205462e-12	-2.051205462e-12
29041.208	61.203	-86.728	6.85352215e-12	1.557442769e-12	-1.557442769e-12
29191.752	93.693	-89.341	5.63134231e-12	1.266453042e-12	-1.266453042e-12
29344.099	49.161	-58.654	9.53610468e-12	2.157019602e-12	-2.157019602e-12
29506.385	84.952	-113.126	6.48958449e-12	1.486837701e-12	-1.486837701e-12
29778.670	88.472	-187.333	5.77429707e-12	1.328087863e-12	-1.328087863e-12
29952.355	67.733	-85.213	6.73032913e-12	1.522366733e-12	-1.522366733e-12
30184.102	179.485	-164.014	5.47771941e-12	9.21620362e-13	-9.21620362e-13
34246.429	68.726	-69.176	7.54239603e-12	1.713179931e-12	-1.713179931e-12
34385.394	70.172	-70.238	7.77975583e-12	1.721361224e-12	-1.721361224e-12
34558.059	105.614	-102.494	4.95165886e-12	1.128539757e-12	-1.128539757e-12
34750.116	109.127	-86.444	5.29809134e-12	1.200698315e-12	-1.200698315e-12
34925.425	41.633	-66.182	9.60983862e-12	2.177862891e-12	-2.177862891e-12
35032.106	60.317	-65.049	8.31192088e-12	1.87317214e-12	-1.87317214e-12
35201.313	89.188	-108.89	5.19073213e-12	1.185711978e-12	-1.185711978e-12
35409.676	114.005	-119.175	4.39634302e-12	1.00882967e-12	-1.00882967e-12
35599.508	92.163	-75.827	6.47121626e-12	1.436454947e-12	-1.436454947e-12
35782.637	97.083	-90.966	5.4551917e-12	1.248956282e-12	-1.248956282e-12
36014.446	118.501	-134.725	5.47963917e-12	1.077614334e-12	-1.077614334e-12
39949.411	83.513	-69.433	6.76155049e-12	1.526728714e-12	-1.526728714e-12
40098.472	64.833	-65.548	7.88477428e-12	1.803289929e-12	-1.803289929e-12
40266.690	77.141	-103.385	5.70420899e-12	1.29559382e-12	-1.29559382e-12
40531.018	98.643	-187.186	4.13993718e-12	8.75786092e-13	-8.75786092e-13
46055.286	89.417	-111.168	5.24107952e-12	1.18369202e-12	-1.18369202e-12
47642.047	3668.383	-1497.344	4.05663391e-12	6.28340816e-13	-6.28340816e-13
57004.154	89.872	-118.236	3.9762608e-12	1.050667387e-12	-1.050667387e-12
57242.307	130.031	-148.281	3.003339483e-12	7.92781732e-13	-7.92781732e-13
57494.045	141.561	-121.707	3.179575135e-12	8.33379183e-13	-8.33379183e-13
57788.740	117.655	-153.134	3.07565339e-12	8.09404917e-13	-8.09404917e-13
58139.911	250.387	-233.516	3.600018573e-12	6.5828823e-13	-6.5828823e-13
63148.032	98.400	-129.765	3.529171009e-12	9.2676414e-13	-9.2676414e-13
63346.773	125.318	-100.34	4.116602834e-12	1.007186928e-12	-1.007186928e-12
63591.267	121.526	-119.176	4.46152645e-12	1.011846135e-12	-1.011846135e-12
63863.088	165.625	-150.296	2.515159671e-12	6.65824972e-13	-6.65824972e-13
64306.648	203.463	-277.934	3.312101725e-12	6.19674531e-13	-6.19674531e-13
68428.020	78.001	-135.121	4.059633114e-12	1.05865502e-12	-1.05865502e-12
68596.497	145.211	-90.476	3.590571333e-12	9.47510178e-13	-9.47510178e-13
68880.004	84.855	-138.296	3.865376136e-12	1.018158609e-12	-1.018158609e-12
69206.901	191.717	-242.042	3.280727963e-12	6.68395177e-13	-6.68395177e-13
80045.611	87.701	-145.479	3.495751187e-12	9.22841683e-13	-9.22841683e-13
80294.626	172.159	-161.314	2.437944482e-12	6.44796864e-13	-6.44796864e-13
80601.536	75.863	-134.751	5.22938835e-12	1.181475455e-12	-1.181475455e-12
80855.454	107.778	-178.055	2.864801434e-12	7.54163823e-13	-7.54163823e-13
81074.111	99.735	-110.879	3.900780131e-12	1.028804015e-12	-1.028804015e-12
81315.619	156.598	-141.772	2.729525714e-12	7.19222507e-13	-7.19222507e-13
81754.750	444.370	-282.534	1.930816723e-12	4.040077664e-13	-4.040077664e-13
85848.668	205.267	-173.338	2.251680189e-12	5.90318201e-13	-5.90318201e-13
86362.779	227.721	-308.844	1.568725569e-12	4.150500491e-13	-4.150500491e-13
86698.700	112.443	-108.201	3.901509303e-12	1.019947438e-12	-1.019947438e-12
87073.100	269.585	-261.957	2.799840713e-12	5.57022574e-13	-5.57022574e-13
109337.424	231.672	-202.091	1.917321147e-12	5.02744307e-13	-5.02744307e-13
121422.083	328.788	-272.964	1.724080884e-12	4.077163554e-13	-4.077163554e-13
129383.967	3464.131	-2882.857	1.621968597e-12	3.138376496e-13	-3.138376496e-13
155166.006	7023.384	-4966.45	1.250838994e-12	2.640148677e-13	-2.640148677e-13
169846.724	3122.334	-2371.609	1.170794685e-12	3.115755324e-13	-3.115755324e-13
173623.653	446.108	-654.596	9.26249678e-13	2.208086902e-13	-2.208086902e-13
195815.873	515.529	-560.103	1.099080282e-12	2.419647401e-13	-2.419647401e-13
201463.368	607.771	-447.802	1.263932936e-12	2.606067043e-13	-2.606067043e-13
215210.701	3677.566	-2751.367	9.46058149e-13	1.969464523e-13	-1.969464523e-13
270648.989	511.732	-418.477	1.192624798e-12	2.761438356e-13	-2.761438356e-13
276734.031	775.372	-927.085	7.92564917e-13	1.630660142e-13	-1.630660142e-13
282130.829	958.518	-573.442	6.8731618e-13	1.639889725e-13	-1.639889725e-13
407835.484	1914.152	-4801.358	7.7863108e-13	1.713024582e-13	-1.713024582e-13
420021.956	6526.258	-5243.015	5.31403882e-13	1.263484571e-13	-1.263484571e-13
505129.426	7535.908	-9473.038	6.75370726e-13	1.259687993e-13	-1.259687993e-13
654238.964	59343.873	-72957.772	2.303906081e-13	5.15897189e-14	-5.15897189e-14
953262.635	78806.367	-55754.301	1.737020319e-13	4.37234181e-14	-4.37234181e-14
1215010.641	133077.753	-34487.69	2.829575943e-13	7.68530027e-14	-7.68530027e-14
1364802.058	16887.589	-11099.893	2.285037703e-13	6.5462553e-14	-6.5462553e-14
1901760.602	425108.632	-346177.09	1.450961344e-13	2.676159754e-14	-2.676159754e-14
2652734.523	7118.968	-3629.597	4.89835605e-13	2.077933489e-13	-1.637748098e-13