###################################################################################################################
# GRB		TYPE	GAMMA_B				VIEWING				OPENING				SIG		SOURCE
###################################################################################################################
GRB120118B	LONG	2.670 +2.42 -1.04	0.28 +0.16 -0.14	0.37 +0.34 -0.15	2.00	MNRAS 530, 2877-2884 (2024)	
GRB120119A	LONG	2.260 +0.80 -0.50	0.30 +0.07 -0.12	0.44 +0.16 -0.10	2.50	MNRAS 530, 2877-2884 (2024)	
GRB120224A	LONG	1.810 +0.56 -0.45	0.55 +0.11 -0.13	0.55 +0.17 -0.14	4.23	MNRAS 530, 2877-2884 (2024)	
GRB120326A	LONG	8.200 +2.42 -2.42	0.13 +0.11 -0.06	0.12 +0.04 -0.04	2.17	MNRAS 530, 2877-2884 (2024)	
GRB120327A	LONG	2.560 +0.83 -0.55	0.26 +0.06 -0.09	0.39 +0.13 -0.08	2.89	MNRAS 530, 2877-2884 (2024)	
GRB120401A	LONG	10.40 +1.14 -1.75	0.03 +0.02 -0.01	0.10 +0.01 -0.02	3.00	MNRAS 530, 2877-2884 (2024)	
GRB120404A	LONG	6.700 +2.97 -2.06	0.11 +0.06 -0.05	0.15 +0.07 -0.05	2.20	MNRAS 530, 2877-2884 (2024)	
GRB120711A	LONG	2.890 +0.44 -0.46	0.19 +0.04 -0.05	0.35 +0.05 -0.06	3.80	MNRAS 530, 2877-2884 (2024)	
GRB120712A	LONG	2.100 +0.65 -0.29	0.23 +0.06 -0.09	0.48 +0.15 -0.07	2.56	MNRAS 530, 2877-2884 (2024)	
GRB120729A	LONG	11.08 +0.66 -1.04	0.03 +0.02 -0.02	0.09 +0.01 -0.01	1.50	MNRAS 530, 2877-2884 (2024)	
GRB120802A	LONG	6.440 +3.31 -3.03	0.34 +0.20 -0.12	0.16 +0.08 -0.07	2.83	MNRAS 530, 2877-2884 (2024)	
GRB120811C	LONG	1.990 +0.89 -0.49	0.34 +0.10 -0.10	0.50 +0.22 -0.12	3.40	MNRAS 530, 2877-2884 (2024)	
GRB120815A	LONG	1.600 +0.95 -0.35	0.45 +0.15 -0.18	0.63 +0.37 -0.14	2.50	MNRAS 530, 2877-2884 (2024)	
GRB120907A	LONG	1.350 +0.11 -0.10	0.49 +0.04 -0.07	0.74 +0.06 -0.05	7.00	MNRAS 530, 2877-2884 (2024)	
GRB120909A	LONG	2.480 +0.67 -0.52	0.24 +0.08 -0.08	0.40 +0.11 -0.08	3.00	MNRAS 530, 2877-2884 (2024)	
GRB120922A	LONG	1.440 +0.31 -0.17	0.42 +0.07 -0.12	0.69 +0.15 -0.08	3.50	MNRAS 530, 2877-2884 (2024)	
GRB121011A	LONG	6.480 +0.74 -1.15	0.18 +0.01 -0.01	0.15 +0.02 -0.03	18.0	MNRAS 530, 2877-2884 (2024)	
GRB121024A	LONG	1.560 +0.16 -0.21	0.39 +0.03 -0.14	0.64 +0.07 -0.09	2.79	MNRAS 530, 2877-2884 (2024)	
GRB121027A	LONG	5.030 +0.07 -2.80	0.43 +0.19 -0.04	0.20 +0.00 -0.11	10.75	MNRAS 530, 2877-2884 (2024)	
GRB121031A	LONG	2.570 +2.51 -1.01	0.31 +0.24 -0.14	0.39 +0.38 -0.15	2.21	MNRAS 530, 2877-2884 (2024)	
GRB121123A	LONG	4.970 +1.17 -1.22	0.51 +0.04 -0.34	0.20 +0.05 -0.05	1.50	MNRAS 530, 2877-2884 (2024)	
GRB121128A	LONG	3.160 +0.70 -0.52	0.16 +0.06 -0.07	0.32 +0.07 -0.05	2.29	MNRAS 530, 2877-2884 (2024)	
GRB121201A	LONG	1.890 +0.57 -0.35	0.30 +0.05 -0.10	0.53 +0.16 -0.10	3.00	MNRAS 530, 2877-2884 (2024)	
GRB121209A	LONG	2.210 +0.92 -0.58	0.28 +0.11 -0.13	0.45 +0.19 -0.12	2.15	MNRAS 530, 2877-2884 (2024)	
GRB121211A	LONG	2.590 +1.39 -1.01	0.32 +0.16 -0.15	0.39 +0.21 -0.15	2.13	MNRAS 530, 2877-2884 (2024)	
GRB121217A	LONG	2.420 +0.78 -0.69	0.34 +0.06 -0.14	0.41 +0.13 -0.12	2.43	MNRAS 530, 2877-2884 (2024)	
GRB121229A	LONG	6.840 +0.95 -0.79	0.13 +0.01 -0.01	0.15 +0.02 -0.02	13.0	MNRAS 530, 2877-2884 (2024)	
GRB130131B	LONG	1.630 +1.34 -0.29	0.23 +0.08 -0.11	0.61 +0.50 -0.11	2.09	MNRAS 530, 2877-2884 (2024)	
GRB130408A	LONG	8.490 +1.95 -1.45	0.13 +0.01 -0.01	0.12 +0.03 -0.02	13.0	MNRAS 530, 2877-2884 (2024)	
GRB130418A	LONG	2.340 +0.65 -0.43	0.26 +0.03 -0.07	0.43 +0.12 -0.08	3.71	MNRAS 530, 2877-2884 (2024)	
GRB130420A	LONG	2.260 +0.35 -0.34	0.60 +0.05 -0.06	0.44 +0.07 -0.07	10.0	MNRAS 530, 2877-2884 (2024)	
GRB130427A	LONG	1.740 +0.10 -0.10	0.24 +0.03 -0.05	0.57 +0.03 -0.03	4.80	MNRAS 530, 2877-2884 (2024)	
GRB130427B	LONG	4.460 +3.83 -1.20	0.20 +0.07 -0.10	0.22 +0.19 -0.06	2.00	MNRAS 530, 2877-2884 (2024)	
GRB130505A	LONG	2.760 +0.49 -0.30	0.16 +0.04 -0.05	0.36 +0.06 -0.04	3.20	MNRAS 530, 2877-2884 (2024)	
GRB130511A	LONG	2.780 +1.30 -0.80	0.24 +0.07 -0.08	0.36 +0.17 -0.10	3.00	MNRAS 530, 2877-2884 (2024)	
GRB130514A	LONG	1.570 +0.37 -0.21	0.36 +0.08 -0.13	0.64 +0.15 -0.09	2.77	MNRAS 530, 2877-2884 (2024)	
GRB130604A	LONG	7.330 +2.25 -1.11	0.06 +0.02 -0.03	0.14 +0.04 -0.02	2.00	MNRAS 530, 2877-2884 (2024)	
GRB130606A	LONG	2.970 +0.35 -0.46	0.28 +0.03 -0.04	0.34 +0.04 -0.05	7.00	MNRAS 530, 2877-2884 (2024)	
GRB130610A	LONG	1.750 +0.48 -0.31	0.35 +0.06 -0.11	0.57 +0.16 -0.10	3.18	MNRAS 530, 2877-2884 (2024)	
GRB130612A	LONG	1.970 +0.63 -0.53	0.51 +0.06 -0.07	0.51 +0.16 -0.14	7.29	MNRAS 530, 2877-2884 (2024)	
GRB130701A	LONG	1.690 +0.39 -0.19	0.29 +0.08 -0.11	0.59 +0.14 -0.07	2.64	MNRAS 530, 2877-2884 (2024)	
GRB130702A	LONG	1.820 +0.62 -0.31	0.34 +0.08 -0.13	0.55 +0.19 -0.09	2.62	MNRAS 530, 2877-2884 (2024)	
GRB130831A	LONG	8.570 +2.12 -6.34	0.37 +0.12 -0.03	0.12 +0.03 -0.09	12.33	MNRAS 530, 2877-2884 (2024)	
GRB130907A	LONG	3.460 +0.25 -0.41	0.11 +0.03 -0.03	0.29 +0.02 -0.03	3.67	MNRAS 530, 2877-2884 (2024)	
GRB130925A	LONG	2.720 +0.46 -0.62	0.45 +0.03 -0.04	0.37 +0.06 -0.08	11.25	MNRAS 530, 2877-2884 (2024)	
GRB131030A	LONG	1.690 +0.21 -0.18	0.35 +0.03 -0.06	0.59 +0.07 -0.06	5.83	MNRAS 530, 2877-2884 (2024)	
GRB131103A	LONG	1.240 +0.12 -0.08	0.43 +0.10 -0.18	0.81 +0.08 -0.05	2.39	MNRAS 530, 2877-2884 (2024)	
GRB131105A	LONG	5.360 +1.18 -3.57	0.19 +0.23 -0.03	0.19 +0.04 -0.12	6.33	MNRAS 530, 2877-2884 (2024)	
GRB131108A	LONG	2.950 +1.02 -0.87	0.26 +0.07 -0.09	0.34 +0.12 -0.10	2.89	MNRAS 530, 2877-2884 (2024)	
GRB131117A	LONG	1.880 +0.73 -0.54	0.50 +0.07 -0.08	0.53 +0.21 -0.15	6.25	MNRAS 530, 2877-2884 (2024)	
GRB131227A	LONG	2.650 +0.52 -0.56	0.22 +0.03 -0.05	0.38 +0.07 -0.08	4.40	MNRAS 530, 2877-2884 (2024)	
GRB131231A	LONG	2.650 +2.39 -0.81	0.29 +0.17 -0.14	0.38 +0.34 -0.12	2.07	MNRAS 530, 2877-2884 (2024)	
GRB140108A	LONG	2.180 +1.07 -0.56	0.39 +0.07 -0.12	0.46 +0.23 -0.12	3.25	MNRAS 530, 2877-2884 (2024)	
GRB140114A	LONG	3.93 +2.08 -1.62	0.44 +0.14 -0.21	0.25 +0.13 -0.10	2.10	MNRAS 530, 2877-2884 (2024)	
GRB140206A	LONG	1.48 +0.19 -0.07	0.22 +0.09 -0.08	0.68 +0.09 -0.03	2.75	MNRAS 530, 2877-2884 (2024)	
GRB140213A	LONG	1.97 +1.62 -0.27	0.54 +0.03 -0.24	0.51 +0.42 -0.07	2.25	MNRAS 530, 2877-2884 (2024)	
GRB140301A	LONG	1.24 +1.50 -0.16	0.57 +0.29 -0.26	0.81 +0.98 -0.10	2.19	MNRAS 530, 2877-2884 (2024)	
GRB140311A	LONG	3.37 +1.55 -0.97	0.20 +0.10 -0.09	0.30 +0.14 -0.09	2.22	MNRAS 530, 2877-2884 (2024)	
GRB140331A	LONG	7.28 +2.72 -2.56	0.23 +0.14 -0.10	0.14 +0.05 -0.05	2.30	MNRAS 530, 2877-2884 (2024)	
GRB140419A	LONG	2.69 +0.34 -0.04	0.26 +0.03 -0.04	0.37 +0.05 -0.01	6.50	MNRAS 530, 2877-2884 (2024)	
GRB140423A	LONG	2.68 +0.69 -0.73	0.34 +0.07 -0.10	0.37 +0.10 -0.10	3.40	MNRAS 530, 2877-2884 (2024)	
GRB140430A	LONG	3.97 +2.64 -1.69	0.43 +0.22 -0.18	0.25 +0.17 -0.11	2.39	MNRAS 530, 2877-2884 (2024)	
GRB140506A	LONG	1.39 +0.22 -0.18	0.63 +0.04 -0.06	72.0 +0.11 -0.09	10.5	MNRAS 530, 2877-2884 (2024)	
GRB140508A	LONG	4.78 +4.63 -2.57	0.39 +0.10 -0.19	0.21 +0.20 -0.11	2.05	MNRAS 530, 2877-2884 (2024)	
GRB140509A	LONG	7.67 +1.68 -2.15	0.14 +0.06 -0.06	0.13 +0.03 -0.04	2.33	MNRAS 530, 2877-2884 (2024)	
GRB140512A	LONG	3.05 +0.63 -0.49	0.16 +0.05 -0.04	0.33 +0.07 -0.05	4.00	MNRAS 530, 2877-2884 (2024)	
GRB140515A	LONG	7.76 +2.19 -1.62	0.11 +0.04 -0.06	0.13 +0.04 -0.03	1.83	MNRAS 530, 2877-2884 (2024)	
GRB140518A	LONG	9.28 +1.69 -1.97	0.14 +0.07 -0.04	0.11 +0.02 -0.02	3.50	MNRAS 530, 2877-2884 (2024)	
GRB140614A	LONG	4.22 +3.35 -1.76	0.24 +0.10 -0.12	0.24 +0.19 -0.10	2.00	MNRAS 530, 2877-2884 (2024)	
GRB140620A	LONG	6.38 +3.59 -3.04	0.27 +0.15 -0.13	0.16 +0.09 -0.07	2.08	MNRAS 530, 2877-2884 (2024)	
GRB140629A	LONG	4.09 +0.71 -0.63	0.13 +0.03 -0.04	0.24 +0.04 -0.04	3.25	MNRAS 530, 2877-2884 (2024)	
GRB140703A	LONG	10.41 +1.05 -1.85	0.08 +0.03 -0.04	0.10 +0.01 -0.02	2.00	MNRAS 530, 2877-2884 (2024)	
GRB140907A	LONG	1.79 +0.88 -0.44	0.41 +0.10 -0.15	0.56 +0.27 -0.14	2.73	MNRAS 530, 2877-2884 (2024)	
GRB141004A	LONG	6.10 +1.99 -2.15	0.17 +0.06 -0.07	0.16 +0.05 -0.06	2.43	MNRAS 530, 2877-2884 (2024)	
GRB141026A	LONG	1.72 +1.23 -0.58	0.57 +0.25 -0.46	0.58 +0.42 -0.20	1.24	MNRAS 530, 2877-2884 (2024)	
GRB141109A	LONG	1.44 +0.11 -0.06	0.19 +0.09 -0.09	0.69 +0.05 -0.03	2.11	MNRAS 530, 2877-2884 (2024)	
GRB141220A	LONG	2.21 +0.80 -0.44	0.24 +0.07 -0.10	0.45 +0.16 -0.09	2.40	MNRAS 530, 2877-2884 (2024)	
GRB141221A	LONG	1.38 +0.17 -0.10	0.36 +0.09 -0.14	0.72 +0.09 -0.05	2.57	MNRAS 530, 2877-2884 (2024)	
GRB141225A	LONG	8.97 +2.14 -3.42	0.04 +0.03 -0.02	0.11 +0.03 -0.04	2.00	MNRAS 530, 2877-2884 (2024)	
GRB150120B	LONG	1.86 +0.66 -0.37	0.31 +0.08 -0.10	0.54 +0.19 -0.11	3.10	MNRAS 530, 2877-2884 (2024)	
GRB150206A	LONG	1.52 +0.17 -0.11	0.25 +0.06 -0.13	0.66 +0.07 -0.05	1.92	MNRAS 530, 2877-2884 (2024)	
GRB150301B	LONG	1.79 +0.59 -0.42	0.39 +0.06 -0.15	0.56 +0.18 -0.13	2.60	MNRAS 530, 2877-2884 (2024)	
GRB150314A	LONG	3.02 +0.18 -0.12	0.24 +0.01 -0.01	0.33 +0.02 -0.01	24.0	MNRAS 530, 2877-2884 (2024)	
GRB150323A	LONG	3.34 +1.77 -1.87	0.49 +0.11 -0.16	0.30 +0.16 -0.17	3.06	MNRAS 530, 2877-2884 (2024)	
GRB150403A	LONG	4.06 +1.15 -0.61	0.15 +0.02 -0.05	0.25 +0.07 -0.04	3.00	MNRAS 530, 2877-2884 (2024)	
GRB150424A	LONG	3.81 +3.73 -1.89	0.33 +0.18 -0.17	0.26 +0.26 -0.13	1.94	MNRAS 530, 2877-2884 (2024)	
GRB150818A	LONG	1.93 +0.54 -0.26	0.85 +0.11 -0.18	0.52 +0.14 -0.07	4.72	MNRAS 530, 2877-2884 (2024)	
GRB150821A	LONG	2.30 +0.93 -0.55	0.28 +0.06 -0.11	0.43 +0.18 -0.10	2.55	MNRAS 530, 2877-2884 (2024)	
GRB150910A	LONG	9.27 +1.63 -1.06	0.03 +0.01 -0.01	0.11 +0.02 -0.01	3.00	MNRAS 530, 2877-2884 (2024)	
GRB151021A	LONG	2.38 +0.37 -0.38	0.35 +0.03 -0.09	0.42 +0.07 -0.07	3.89	MNRAS 530, 2877-2884 (2024)	
GRB151027A	LONG	3.60 +1.73 -0.57	0.16 +0.11 -0.07	0.28 +0.13 -0.04	2.29	MNRAS 530, 2877-2884 (2024)	
GRB151027B	LONG	4.44 +3.20 -1.01	0.35 +0.11 -0.27	0.23 +0.16 -0.05	1.30	MNRAS 530, 2877-2884 (2024)	
GRB151029A	LONG	2.49 +1.07 -0.75	0.26 +0.07 -0.09	0.40 +0.17 -0.12	2.89	MNRAS 530, 2877-2884 (2024)	
GRB151031A	LONG	2.17 +2.01 -0.85	0.41 +0.24 -0.18	0.46 +0.43 -0.18	2.28	MNRAS 530, 2877-2884 (2024)	
GRB151111A	LONG	1.42 +0.38 -0.14	0.28 +0.13 -0.13	0.70 +0.19 -0.07	2.15	MNRAS 530, 2877-2884 (2024)	
GRB151112A	LONG	3.54 +3.20 -1.32	0.15 +0.11 -0.08	0.28 +0.26 -0.11	1.88	MNRAS 530, 2877-2884 (2024)	
GRB151215A	LONG	2.38 +1.82 -0.87	0.32 +0.11 -0.12	0.42 +0.32 -0.15	2.67	MNRAS 530, 2877-2884 (2024)	
GRB160117B	LONG	1.24 +0.17 -0.10	0.56 +0.09 -0.20	0.81 +0.11 -0.07	2.80	MNRAS 530, 2877-2884 (2024)	
GRB160121A	LONG	6.73 +2.93 -2.84	0.34 +0.13 -0.11	0.15 +0.06 -0.06	3.09	MNRAS 530, 2877-2884 (2024)	
GRB160131A	LONG	2.01 +0.15 -0.12	0.40 +0.02 -0.02	0.50 +0.04 -0.03	20.0	MNRAS 530, 2877-2884 (2024)	
GRB160203A	LONG	2.54 +1.22 -1.13	0.35 +0.10 -0.11	0.39 +0.19 -0.18	3.18	MNRAS 530, 2877-2884 (2024)	
GRB160227A	LONG	2.90 +2.18 -1.37	0.28 +0.21 -0.13	0.34 +0.26 -0.16	2.15	MNRAS 530, 2877-2884 (2024)	
GRB160228A	LONG	1.85 +0.21 -0.21	0.30 +0.04 -0.07	0.54 +0.06 -0.06	4.29	MNRAS 530, 2877-2884 (2024)	
GRB160327A	LONG	2.75 +1.60 -0.74	0.19 +0.08 -0.09	0.36 +0.21 -0.10	2.11	MNRAS 530, 2877-2884 (2024)	
GRB160425A	LONG	1.21 +0.34 -0.08	0.65 +0.08 -0.19	0.83 +0.23 -0.05	3.42	MNRAS 530, 2877-2884 (2024)	
GRB160509A	LONG	4.12 +0.57 -0.72	0.14 +0.01 -0.01	0.24 +0.03 -0.04	14.0	MNRAS 530, 2877-2884 (2024)	
GRB160623A	LONG	8.41 +2.28 -1.78	0.08 +0.04 -0.03	0.12 +0.03 -0.03	2.67	MNRAS 530, 2877-2884 (2024)	
GRB160625B	LONG	1.85 +0.21 -0.21	0.30 +0.04 -0.07	0.54 +0.06 -0.06	4.29	MNRAS 530, 2877-2884 (2024)	
GRB160804A	LONG	1.42 +0.98 -0.33	0.63 +0.19 -0.20	0.70 +0.49 -0.16	3.15	MNRAS 530, 2877-2884 (2024)	
GRB161001A	LONG	2.43 +1.05 -0.65	0.37 +0.05 -0.12	0.41 +0.18 -0.11	3.08	MNRAS 530, 2877-2884 (2024)	
GRB161014A	LONG	9.90 +1.49 -2.07	0.07 +0.03 -0.04	0.10 +0.02 -0.02	1.75	MNRAS 530, 2877-2884 (2024)	
GRB161017A	LONG	3.59 +0.79 -1.01	0.21 +0.06 -0.08	0.28 +0.06 -0.08	2.62	MNRAS 530, 2877-2884 (2024)	
GRB161023A	LONG	3.89 +5.05 -1.99	0.28 +0.14 -0.14	0.26 +0.33 -0.13	2.00	MNRAS 530, 2877-2884 (2024)	
GRB161108A	LONG	1.91 +1.61 -0.65	0.52 +0.26 -0.24	0.52 +0.44 -0.18	2.17	MNRAS 530, 2877-2884 (2024)	
GRB161117A	LONG	1.50 +0.16 -0.12	0.35 +0.08 -0.06	0.67 +0.07 -0.05	5.83	MNRAS 530, 2877-2884 (2024)	
GRB161129A	LONG	10.27 +1.36 -2.66	0.06 +0.15 -0.04	0.1 +.01 -0.0300	1.50	MNRAS 530, 2877-2884 (2024)	
GRB170113A	LONG	1.78 +0.42 -0.26	0.32 +0.10 -0.11	0.56 +0.13 -0.08	2.91	MNRAS 530, 2877-2884 (2024)	
GRB170202A	LONG	1.83 +0.67 -0.38	0.36 +0.09 -0.12	0.55 +0.20 -0.11	3.00	MNRAS 530, 2877-2884 (2024)	
GRB170405A	LONG	5.44 +1.67 -1.39	0.13 +0.06 -0.05	0.18 +0.06 -0.05	2.60	MNRAS 530, 2877-2884 (2024)	
GRB170519A	LONG	2.54 +0.89 -0.75	0.29 +0.11 -0.11	0.39 +0.14 -0.12	2.64	MNRAS 530, 2877-2884 (2024)	
GRB170531B	LONG	2.29 +2.29 -0.96	0.35 +0.22 -0.16	0.44 +0.44 -0.18	2.19	MNRAS 530, 2877-2884 (2024)	
GRB170604A	LONG	1.44 +0.31 -0.13	0.34 +0.08 -0.15	0.69 +0.15 -0.06	2.27	MNRAS 530, 2877-2884 (2024)	
GRB170607A	LONG	1.28 +1.18 -0.14	0.56 +0.05 -0.23	0.78 +0.72 -0.09	2.43	MNRAS 530, 2877-2884 (2024)	
GRB170705A	LONG	2.49 +0.30 -0.28	0.41 +0.05 -0.04	0.40 +0.05 -0.05	10.25	MNRAS 530, 2877-2884 (2024)	
GRB170903A	LONG	1.70 +0.84 -0.45	0.54 +0.13 -0.14	0.59 +0.29 -0.16	3.86	MNRAS 530, 2877-2884 (2024)	
GRB171010A	LONG	5.30 +1.04 -0.70	0.17 +0.01 -0.02	0.19 +0.04 -0.02	8.50	MNRAS 530, 2877-2884 (2024)	
GRB171020A	LONG	1.34 +0.44 -0.22	0.71 +0.14 -0.15	0.75 +0.25 -0.12	4.73	MNRAS 530, 2877-2884 (2024)	
GRB171205A	LONG	1.36 +0.41 -0.18	0.57 +0.11 -0.15	0.74 +0.22 -0.10	3.80	MNRAS 530, 2877-2884 (2024)	
GRB171222A	LONG	3.85 +2.28 -1.43	0.58 +0.25 -0.46	0.26 +0.15 -0.10	1.26	MNRAS 530, 2877-2884 (2024)	
GRB180115A	LONG	2.85 +1.02 -0.99	0.27 +0.10 -0.08	0.35 +0.13 -0.12	3.38	MNRAS 530, 2877-2884 (2024)	
GRB180205A	LONG	1.36 +0.24 -0.13	0.47 +0.08 -0.14	0.74 +0.13 -0.07	3.36	MNRAS 530, 2877-2884 (2024)	
GRB180314A	LONG	1.41 +0.28 -0.16	0.48 +0.06 -0.11	0.71 +0.14 -0.08	4.36	MNRAS 530, 2877-2884 (2024)	
GRB180325A	LONG	8.69 +2.16 -2.14	0.06 +0.03 -0.03	0.12 +0.03 -0.03	2.00	MNRAS 530, 2877-2884 (2024)	
GRB180329B	LONG	3.06 +2.40 -0.87	0.21 +0.10 -0.11	0.33 +0.26 -0.09	1.91	MNRAS 530, 2877-2884 (2024)	
GRB180510B	LONG	1.53 +0.18 -0.12	0.24 +0.08 -0.10	0.65 +0.08 -0.05	2.40	MNRAS 530, 2877-2884 (2024)	
GRB180620B	LONG	4.83 +0.84 -2.93	0.29 +0.47 -0.05	0.21 +0.04 -0.13	5.80	MNRAS 530, 2877-2884 (2024)	
GRB180624A	LONG	4.11 +3.71 -1.84	0.20 +0.14 -0.10	0.24 +0.22 -0.11	2.00	MNRAS 530, 2877-2884 (2024)	
GRB180720B	LONG	2.74 +0.23 -0.24	0.31 +0.03 -0.03	0.36 +0.03 -0.03	10.33	MNRAS 530, 2877-2884 (2024)	
GRB180728A	LONG	1.80 +0.24 -0.32	0.32 +0.03 -0.11	0.56 +0.07 -0.10	2.91	MNRAS 530, 2877-2884 (2024)	
GRB180821A	LONG	2.08 +1.61 -0.77	0.53 +0.24 -0.24	0.48 +0.37 -0.18	2.21	MNRAS 530, 2877-2884 (2024)	
GRB181010A	LONG	1.30 +0.16 -0.08	0.37 +0.13 -0.15	0.77 +0.09 -0.05	2.47	MNRAS 530, 2877-2884 (2024)	
GRB181020A	LONG	10.47 +1.18 -3.62	0.06 +0.05 -0.03	0.10 +.01 -0.030	2.00	MNRAS 530, 2877-2884 (2024)	
GRB181110A	LONG	7.99 +2.58 -2.67	0.16 +0.08 -0.08	0.13 +0.04 -0.04	2.00	MNRAS 530, 2877-2884 (2024)	
GRB181201A	LONG	1.42 +0.08 -0.04	0.15 +0.10 -0.08	0.70 +0.04 -0.02	1.88	MNRAS 530, 2877-2884 (2024)	
GRB181213A	LONG	2.84 +1.24 -0.69	0.21 +0.07 -0.09	0.35 +0.15 -0.09	2.33	MNRAS 530, 2877-2884 (2024)	
GRB190106A	LONG	2.35 +0.70 -0.56	0.29 +0.07 -0.09	0.43 +0.13 -0.10	3.22	MNRAS 530, 2877-2884 (2024)	
GRB190114A	LONG	5.29 +2.38 -1.86	0.15 +0.08 -0.07	0.19 +0.09 -0.07	2.14	MNRAS 530, 2877-2884 (2024)	
GRB190114C	LONG	3.44 +0.23 -0.33	0.30 +0.01 -0.01	0.29 +0.02 -0.03	30.0	MNRAS 530, 2877-2884 (2024)	
GRB190324A	LONG	4.30 +0.92 -1.04	0.29 +0.02 -0.03	0.23 +0.05 -0.06	9.67	MNRAS 530, 2877-2884 (2024)	
GRB190719C	LONG	7.09 +3.13 -3.06	0.30 +0.09 -0.11	0.14 +0.06 -0.06	2.73	MNRAS 530, 2877-2884 (2024)	
GRB190829A	LONG	1.76 +0.43 -0.29	0.36 +0.06 -0.11	0.57 +0.14 -0.09	3.27	MNRAS 530, 2877-2884 (2024)	
GRB191004B	LONG	2.05 +0.72 -0.44	0.40 +0.03 -0.04	0.49 +0.17 -0.10	10.0	MNRAS 530, 2877-2884 (2024)	
GRB191011A	LONG	2.04 +0.61 -0.35	0.24 +0.07 -0.09	0.49 +0.15 -0.08	2.67	MNRAS 530, 2877-2884 (2024)	
GRB191221B	LONG	5.17 +2.13 -1.45	0.09 +0.06 -0.04	0.19 +0.08 -0.05	2.25	MNRAS 530, 2877-2884 (2024)	
GRB200205B	LONG	5.10 +2.28 -2.26	0.37 +0.12 -0.19	0.20 +0.09 -0.09	1.95	MNRAS 530, 2877-2884 (2024)	
GRB200613A	LONG	2.07 +0.82 -0.55	0.38 +0.12 -0.15	0.48 +0.19 -0.13	2.53	MNRAS 530, 2877-2884 (2024)	
GRB200829A	LONG	3.30 +0.28 -0.84	0.26 +0.01 -0.07	0.30 +0.03 -0.08	3.71	MNRAS 530, 2877-2884 (2024)	
GRB201020A	LONG	5.85 +2.16 -2.32	0.20 +0.15 -0.07	0.17 +0.06 -0.07	2.86	MNRAS 530, 2877-2884 (2024)	
GRB201020B	LONG	5.02 +4.19 -2.48	0.33 +0.18 -0.17	0.20 +0.17 -0.10	1.94	MNRAS 530, 2877-2884 (2024)	
GRB201021C	LONG	1.63 +0.37 -0.16	0.24 +0.08 -0.09	0.61 +0.14 -0.06	2.67	MNRAS 530, 2877-2884 (2024)	
GRB201104B	LONG	2.12 +0.83 -0.42	0.29 +0.05 -0.09	0.47 +0.18 -0.09	3.22	MNRAS 530, 2877-2884 (2024)	
GRB201216C	LONG	6.59 +3.28 -2.41	0.10 +0.07 -0.04	0.15 +0.08 -0.06	2.50	MNRAS 530, 2877-2884 (2024)	
GRB201221A	LONG	10.42 +1.03 -3.64	0.16 +0.13 -0.03	0.10 +0.01 -0.03	5.33	MNRAS 530, 2877-2884 (2024)	
GRB210112A	LONG	2.14 +0.33 -0.32	0.32 +0.05 -0.05	0.47 +0.07 -0.07	6.40	MNRAS 530, 2877-2884 (2024)	
GRB210204A	LONG	3.62 +4.94 -2.04	0.47 +0.28 -0.25	0.28 +0.38 -0.16	1.88	MNRAS 530, 2877-2884 (2024)	
GRB210210A	LONG	6.47 +3.09 -2.35	0.21 +0.11 -0.10	0.15 +0.07 -0.06	2.10	MNRAS 530, 2877-2884 (2024)	
GRB210321A	LONG	4.57 +3.12 -1.74	0.20 +0.09 -0.09	0.22 +0.15 -0.08	2.22	MNRAS 530, 2877-2884 (2024)	
GRB210411C	LONG	2.72 +1.09 -0.76	0.26 +0.07 -0.08	0.37 +0.15 -0.10	3.25	MNRAS 530, 2877-2884 (2024)	
GRB210420B	LONG	3.52 +2.12 -1.08	0.20 +0.07 -0.08	0.28 +0.17 -0.09	2.50	MNRAS 530, 2877-2884 (2024)	
GRB210517A	LONG	2.44 +0.88 -0.73	0.43 +0.09 -0.09	0.41 +0.15 -0.12	4.78	MNRAS 530, 2877-2884 (2024)	
GRB210610A	LONG	3.73 +2.34 -1.56	0.32 +0.11 -0.14	0.27 +0.17 -0.11	2.29	MNRAS 530, 2877-2884 (2024)	
GRB210610B	LONG	1.58 +0.18 -0.14	0.43 +0.02 -0.05	0.63 +0.07 -0.06	8.60	MNRAS 530, 2877-2884 (2024)	
GRB210619B	LONG	2.78 +0.38 -0.31	0.26 +0.02 -0.03	0.36 +0.05 -0.04	8.67	MNRAS 530, 2877-2884 (2024)	
GRB210702A	LONG	2.14 +0.28 -0.17	0.19 +0.05 -0.06	0.47 +0.06 -0.04	3.17	MNRAS 530, 2877-2884 (2024)	
GRB210722A	LONG	3.72 +0.74 -1.22	0.32 +0.04 -0.08	0.27 +0.05 -0.09	4.00	MNRAS 530, 2877-2884 (2024)	
GRB210731A	LONG	1.46 +0.22 -0.14	0.33 +0.08 -0.12	0.68 +0.10 -0.07	2.75	MNRAS 530, 2877-2884 (2024)	
GRB210822A	LONG	3.55 +0.28 -0.27	0.12 +0.02 -0.03	0.28 +0.02 -0.02	4.00	MNRAS 530, 2877-2884 (2024)	
GRB210905A	LONG	1.82 +0.72 -0.49	0.47 +0.10 -0.07	0.55 +0.22 -0.15	6.71	MNRAS 530, 2877-2884 (2024)	
GRB211024B	LONG	1.40 +0.58 -0.27	0.64 +0.10 -0.14	0.71 +0.30 -0.14	4.57	MNRAS 530, 2877-2884 (2024)	
GRB211207A	LONG	2.00 +0.85 -0.56	0.43 +0.09 -0.10	0.50 +0.21 -0.14	4.30	MNRAS 530, 2877-2884 (2024)	
GRB211211A	LONG	5.92 +3.11 -1.79	0.61 +0.05 -0.05	0.17 +0.09 -0.05	12.2	MNRAS 530, 2877-2884 (2024)	
GRB220101A	LONG	4.72 +0.26 -1.52	0.23 +0.02 -0.01	0.21 +0.01 -0.07	23.0	MNRAS 530, 2877-2884 (2024)	
GRB220107A	LONG	2.77 +0.70 -0.60	0.22 +0.07 -0.08	0.36 +0.09 -0.08	2.75	MNRAS 530, 2877-2884 (2024)	
GRB220117A	LONG	8.15 +2.37 -2.38	0.18 +0.08 -0.07	0.12 +0.04 -0.04	2.57	MNRAS 530, 2877-2884 (2024)	
GRB220521A	LONG	5.10 +2.04 -1.49	0.09 +0.05 -0.05	0.20 +0.08 -0.06	1.80	MNRAS 530, 2877-2884 (2024)	
GRB220527A	LONG	2.55 +1.58 -0.67	0.28 +0.10 -0.13	0.39 +0.24 -0.10	2.15	MNRAS 530, 2877-2884 (2024)	
GRB220611A	LONG	9.33 +2.01 -2.37	0.20 +0.07 -0.05	0.11 +0.02 -0.03	4.00	MNRAS 530, 2877-2884 (2024)	
GRB220813A	LONG	1.46 +0.48 -0.22	0.50 +0.10 -0.14	0.68 +0.23 -0.10	3.57	MNRAS 530, 2877-2884 (2024)	
GRB221009A	LONG	2.94 +0.21 -0.18	0.24 +0.02 -0.02	0.34 +0.02 -0.02	12.0	MNRAS 530, 2877-2884 (2024)	
GRB221110A	LONG	1.17 +0.03 -0.02	0.26 +0.13 -0.12	0.85 +0.02 -0.01	2.17	MNRAS 530, 2877-2884 (2024)	
GRB230205A	LONG	1.12 +0.24 -0.08	0.75 +0.17 -0.18	0.89 +0.19 -0.06	4.17	MNRAS 530, 2877-2884 (2024)	
GRB230325A	LONG	2.41 +2.22 -1.01	0.45 +0.22 -0.19	0.41 +0.38 -0.17	2.37	MNRAS 530, 2877-2884 (2024)	
GRB230328B	LONG	2.11 +0.59 -0.58	0.29 +0.06 -0.09	0.47 +0.13 -0.13	3.22	MNRAS 530, 2877-2884 (2024)	
GRB230414B	LONG	8.47 +2.47 -2.16	0.32 +0.11 -0.10	0.12 +0.03 -0.03	3.20	MNRAS 530, 2877-2884 (2024)	
GRB230427A	LONG	2.09 +0.95 -0.50	0.27 +0.09 -0.10	0.48 +0.22 -0.11	2.70	MNRAS 530, 2877-2884 (2024)	
GRB051221A	SHORT	4.480 +0.66 -0.71	0.53 +0.03 -0.06	0.22 +0.03 -0.04	8.83	MNRAS 530, 2877-2884 (2024)	
GRB061201	SHORT	6.160 +1.65 -1.69	0.14 +0.04 -0.04	0.16 +0.04 -0.04	3.50	MNRAS 530, 2877-2884 (2024)	
GRB070809	SHORT	4.910 +2.92 -2.01	0.46 +0.26 -0.41	0.20 +0.12 -0.08	1.12	MNRAS 530, 2877-2884 (2024)	
GRB071227	SHORT	7.270 +3.65 -1.35	0.07 +0.04 -0.03	0.14 +0.07 -0.03	2.33	MNRAS 530, 2877-2884 (2024)	
GRB080905A	SHORT	10.83 +0.80 -1.66	0.05 +0.03 -0.02	0.09 +0.01 -0.01	2.50	MNRAS 530, 2877-2884 (2024)	
GRB090426	SHORT	1.650 +0.60 -0.31	0.40 +0.10 -0.11	0.61 +0.22 -0.11	3.64	MNRAS 530, 2877-2884 (2024)	
GRB090510	SHORT	10.58 +1.09 -1.79	0.06 +0.01 -0.02	0.09 +.01 -.0200	3.00	MNRAS 530, 2877-2884 (2024)	
GRB100724A	SHORT	2.530 +1.66 -0.88	0.35 +0.05 -0.06	0.40 +0.26 -0.14	5.83	MNRAS 530, 2877-2884 (2024)	
GRB101219A	SHORT	9.550 +1.24 -2.82	0.08 +0.02 -0.03	0.10 +0.01 -0.03	2.67	MNRAS 530, 2877-2884 (2024)	
GRB130603B	SHORT	7.370 +2.69 -2.07	0.12 +0.04 -0.04	0.14 +0.05 -0.04	3.00	MNRAS 530, 2877-2884 (2024)	
GRB140903A	SHORT	3.080 +2.61 -1.25	0.35 +0.23 -0.18	0.32 +0.28 -0.13	1.94	MNRAS 530, 2877-2884 (2024)	
GRB190627A	SHORT	4.360 +4.09 -2.01	0.36 +0.08 -0.14	0.23 +0.22 -0.11	2.57	MNRAS 530, 2877-2884 (2024)	
GRB210323A	SHORT	10.28 +1.23 -1.85	0.15 +0.06 -0.10	0.10 +0.01 -0.02	1.50	MNRAS 530, 2877-2884 (2024)	
